1 0.500000000000000000000000000000
2 0.686291501015239609586490206323
3 0.666666666666666666666666666665
4 0.612807102315627401679548476730
5 0.682274642960738735672090837380
6 0.692658471061220938666994505356
7 0.735089452850849786047748320111
8 0.676372332306029255659665555408
9 0.760918873844282912617123749834
10 0.708857073717800238401537800688
11 0.719255859725666861515923434231
12 0.730741891870087614270421371134
13 0.722825020420142042721852306941
14 0.748329716058964172169441424130
15 0.754864460215653026123293079296
16 0.738464642020725334282575464147
17 0.744292288787532983254375322575
18 0.774299151047651713209349455118
19 0.755564628060337263225161629375
20 0.773906233460284392114102652573
21 0.758552551272313472352004461552
22 0.758417837802575263372084257492
23 0.761334005560963563755389620516
24 0.764826003561812720663201454622
25 0.776066139559870445725543183057
26 0.772927756751658535656104273284
27 0.759187467290307308173020257802
28 0.767964236127491551806135100180
29 0.773146997772663263385791229405
30 0.779289524480345937499120112312
31 0.775716673862835458647216998330
32 0.781491202553442869015260436183
33 0.796207885591587386987940542679
34 0.780033341853335641558595452601
35 0.783308718129604383694837854092
36 0.783916101589526377333778240091
37 0.788483926957397924476620322518
38 0.783062576955058042181484376264
39 0.788057944004556341496601180205
40 0.785138847074407244330950649645
41 0.780137126039091158259165467742
42 0.784110406440291567246742511399
43 0.785884422203043204792129743565
44 0.785816974239972097971821314928
45 0.789611710814926393948376010168
46 0.790861392220479705557265817802
47 0.796594079235310267134950272541
48 0.797624628212448095064094404767
49 0.803885871822929322732238529377
50 0.793770261990085154914999654727
51 0.796439279382239788112197944537
52 0.802037774958399075758633069094
53 0.799241000157492125586937863842
54 0.799227348783520529356534385242
55 0.795397463762481324977312026362
56 0.794647461748123215536422021918
57 0.795811289341310235860974791565
58 0.797320437671332168190006945595
59 0.795905356037319028551382680639
60 0.797184429753972440458193326898
61 0.800337667477514420249493973720
62 0.805756096786040765371032767542
63 0.804441330937441472976000433829
64 0.806122558575183000290816362914
65 0.806559401541477174185020652339
66 0.808304723862077977227810110234
67 0.807133398677719555502556721226
68 0.808407766107583203726973497039
69 0.809449650324845930915565562017
70 0.809939596659347996118303977363
71 0.810983785592246404304340133056
72 0.812320814645509652222072691793
73 0.807970408972034217050716874969
74 0.806382294783943519635432486279
75 0.805981388420082364562063437095
76 0.808738967005769064693452457866
77 0.812843230870503533235719774766
78 0.809154272499414143651239898178
79 0.809311349444702395802827112565
80 0.813874671726999967513305880791
81 0.811644614643629324273350239981
82 0.813208891633028059348817466555
83 0.814928868588858893455399407534
84 0.818755739827951717976801904095
85 0.814936737052762058731188715627
86 0.816275926232258993740173226764
87 0.814981923435234575416348469237
88 0.817526307053328297311493974032
89 0.819838752403872778852152691718
90 0.821727372210206458398036304074
91 0.818841304663268094956749988661
92 0.819437593115886809334196967899
93 0.817838502856488398058024242184
94 0.818676502542612134677583417361
95 0.818248282849375349103423877050
96 0.814894988105300379137192587200
97 0.815673116244034896539980681741
98 0.817181314286102707716649411486
99 0.820034137215038144020926378589
100 0.819907172416006656860830200621
101 0.823742939702851339960931536905
102 0.822451392686134499313227516980
103 0.826251559504841305386522782877
104 0.824723772787166952991473480265
105 0.826759911758837109908133575327
106 0.824013213293852708261629101705
107 0.822534233860434333169826821994
108 0.824660728068894019837749854877
109 0.825533403725141814023255492543
110 0.829164291557079369237493830466
111 0.827398819103411607140089729465
112 0.828832919262482500441203525882
113 0.827625180351681975816728574845
114 0.827880288033595681006210299516
115 0.828139908105325570590995905819
116 0.829290226778333667911817747745
117 0.825771916290571072650898618312
118 0.825022510805842279128814676004
119 0.823963847533626901331196509263
120 0.823856572329316986676431213383
121 0.825316179589115578574051900368
122 0.826557493552509605936028604834
123 0.825733567149428069741923097634
124 0.826149661001862471105247682998
125 0.828763904424596390631750612897
126 0.829212726649664853764521273638
127 0.830209440554416305110255315208
128 0.832435699537370983389199253404
129 0.834083911739617287391924743484
130 0.833484335103022576136262898162
131 0.834738896155499748302125777381
132 0.832592075551898841485023833229
133 0.832368224817342705249540970817
134 0.832383663448406954423780342396
135 0.832511873526721646003152123706
136 0.833571001236870211838632296728
137 0.836053503389536971980045255520
138 0.838545384889537064198954731115
139 0.836699492044430848715038723701
140 0.836492629927384969596768641463
141 0.836819817478828237653944984747
142 0.835383785220096183835698756908
143 0.834133059932049878074338670082
144 0.833330358506362519582943376651
145 0.833955211476529853115991917496
146 0.831038529413507792760479194953
147 0.830024162712084555603601124208
148 0.831872164599347950071247046457
149 0.831760381458785312621970814524
150 0.834352958933365340114116359905
151 0.834522701157250551815805948419
152 0.836578673829956307847027172456
153 0.836253692135940178709756786514
154 0.835920192347595766828088452089
155 0.836497510151150088340861435436
156 0.837306403422038580747392244083
157 0.838076873717810203556722999494
158 0.837998190620886019046469676430
159 0.838030790660873328461175574306
160 0.839583157598944701547102490677
161 0.838666088525813494762244294948
162 0.838638121240273164151327372103
163 0.837823394652232519130461137155
164 0.835924307253835104966815745477
165 0.837385626948619541562813586158
166 0.837679140835695077479296315156
167 0.840210059088698191928025295652
168 0.841300216452454138185328632779
169 0.842925312229868008588567480736
170 0.843938198868796101239150147122
171 0.843010057965135974590268432444
172 0.841557561791343906070091296497
173 0.841455648860644864246041885622
174 0.839068475678787268959842868725
175 0.837836704693084971278937823746
176 0.836195641199352458143780531435
177 0.835054091205466867992528106813
178 0.835670091873121581336573326987
179 0.837499068866062522074152083554
180 0.837040429795716673186377537511
181 0.839012072241978220605163597733
182 0.840092880311919670710940183333
183 0.839606152472210354328916723721
184 0.841165930372622854376663154294
185 0.842280836100597398097408310208
186 0.843895858145470557675612071733
187 0.842405777988260822808644867149
188 0.843819111566487050888527080439
189 0.843539591336359850232262115139
190 0.844190043241083919391309766971
191 0.842984999944606690153035634048
192 0.841733957154412999842065347731
193 0.840999503505663794591358510160
194 0.841363697415822381669456158746
195 0.841815052200271873866535973072
196 0.842556324234042093988072664394
197 0.842237796320056010946354757955
198 0.841891463754719524196155268171
199 0.842578331533400980075489073729
200 0.843663557026418060736014976813
201 0.843463766905464469587879211706
202 0.843971694903436944987029050159
203 0.844153393300382353629164632442
204 0.844020690795690442260512451428
205 0.845282532659087604289656038539
206 0.846043728930035840289623948751
207 0.844249800258506914626475266556
208 0.843734527756587436518836872198
209 0.843321653006529054913845623456
210 0.840992834815719025477930258221
211 0.840657515670527857336299931564
212 0.841919075336165579278136247997
213 0.842982051929222781712864494052
214 0.842384067350015283694691854878
215 0.843560888786257830276606665871
216 0.844184217516058943866659541903
217 0.844225786891457128973010411025
218 0.845648666332889873969315880163
219 0.846447061387623688002736176138
220 0.846951207955417120859865435896
221 0.847416793345254622546110337638
222 0.846964453468570221058052427922
223 0.847464061772288872076095512358
224 0.847384860412887766884660488474
225 0.848487798731831752617978708618
226 0.847370020931597065958121529347
227 0.846449420525605485705340239811
228 0.847901889744904948215000829101
229 0.847770912567985211895984765371
230 0.849681225983527170259073720792
231 0.848432671677639228864463620804
232 0.849813400618988674177908885281
233 0.848400445074334697144482899157
234 0.848311645899376366884796203168
235 0.847708672657552560976798410976
236 0.847470155041084739818909170674
237 0.847180423076460385968781012131
238 0.847812380200869221604052029374
239 0.847431352875081513479365144896
240 0.845965341990644699029774216143
241 0.845919830542193131753086815064
242 0.845385111553712327951272339060
243 0.845027867643931578072529035396
244 0.845703829504713548720420108567
245 0.844903600517333124789964716010
246 0.845371669805198408692142563732
247 0.845469339591756000943235629462
248 0.846537546557244509253554428563
249 0.846080375802457249238723637859
250 0.845601450294898472718013382952
