1 0
2 0
3 0
4 0
5 0
6 0
7 1
8 2
9 0
10 1
11 0
12 2
13 1
14 3
15 2
16 2
17 0
18 3
19 1
20 1
21 3
22 3
23 0
24 2
25 14
26 3
27 2
28 2
29 0
30 2
31 2
32 2
33 2
34 2
35 3
36 2
37 3
38 4
39 3
40 4
41 3
42 4
43 4
44 5
45 2
46 4
47 5
48 4
49 5
50 4
51 6
52 6
53 5
54 3
55 2
56 6
57 3
58 3
59 4
60 4
61 6
62 5
63 7
64 6
65 6
66 4
67 6
68 8
69 5
70 8
71 5
72 4
73 3
74 4
75 5
76 4
77 6
78 5
79 5
80 6
81 5
82 5
83 6
84 5
85 7
86 4
87 5
88 6
89 7
90 7
91 7
92 7
93 9
94 10
95 7
96 5
97 5
98 9
99 8
100 7
101 10
102 8
103 8
104 7
105 8
106 7
107 4
108 9
109 9
110 9
111 10
112 8
113 7
114 7
115 9
116 7
117 8
118 10
119 8
120 7
121 7
122 8
123 12
124 8
125 9
126 7
127 10
128 6
129 8
130 11
131 10
132 10
133 8
134 7
135 9
136 7
137 9
138 9
139 9
140 9
141 10
142 10
143 9
144 10
145 10
146 11
147 9
148 8
149 6
150 7
151 7
152 6
153 5
154 7
155 12
156 9
157 6
158 9
159 8
160 8
161 12
162 12
163 13
164 10
165 7
166 6
167 7
168 7
169 10
170 10
171 9
172 8
173 9
174 11
175 11
176 9
177 11
178 10
179 8
180 10
181 10
182 6
183 6
184 7
185 8
186 4
187 6
188 6
189 9
190 10
191 6
192 13
193 11
194 18
195 15
196 7
197 9
198 14
199 12
200 13
201 10
202 8
203 9
204 10
205 9
206 13
207 11
208 13
209 12
210 10
211 8
212 13
213 11
214 9
215 12
216 12
217 11
218 9
219 10
220 9
221 9
222 7
223 15
224 11
225 13
226 9
227 12
228 13
229 14
230 12
231 15
232 10
233 11
234 14
235 11
236 12
237 14
238 12
239 10
240 13
241 10
242 11
243 11
244 17
245 12
246 10
247 10
248 10
249 11
250 13
