13,7,2
10
9
13
14,3
9,7
14,6
14
11
17
5,4,3,1
17
8
21
8,3,3
10
9,4
9,1
10
19
9
9,9
10,6
10
9,4
6,3,2
13
10
9,9
5,2
13,6,3
13
17
8
17
16
6,1
15,4
9
10
19
14
6,6,5
16
10,9
7
18
17
20
9
19
10,9,2
11,4
17,1
11,7
12,9
15,6
15
13
8
14
11
16
7,4
6,1
9
19,1
14,7
11
9,6
16,3
16
19
12
5,3,1
11,5
11,6
13,5
20
15
13,3
6,4
15,3,2
9,5
7
16
17,3,1
9
21
5,3
8
12
9,9,1,1
16
9,5
12
9,6,5
17
18,1
15,4,2,1
17
10,6
9,6
17
17,3,1
19
9
13
19
9
12
11,7
8
10,1
13
13
12
14
12,8
11,5,4
12
17,3
19
15
13,4
9
12
9
16
13,5
10,5
15
15
16
20
11
15,7
5,3,1
13,6
8
19
14,2
10
8
14,2
17,1,1
11,7,2
12,7
7,6
9
8
18,3
21
6,3,1
7
10
8
10
7
19
8,7,5
10
16,3
14,6
14
16,1
14,4
19
16
8
7,4
8,7,2
8
17,3
11,1
7
17,2
19
18
8
9
11,5,1
14
9,4
21
13
12
5,4
17,2
10,1
12
14,2
17
17
7
12,8
10,7,4
8,7
8,2
6,3,1