23,4
16,7
18
9,8,5,1
13
9,1
15
15,7,5,2
24
23
17,6
20,1
21
17
13
7,4
20,3
11,7,6
15,7,3
21,3
11
24
14
18,6
12,11
14,6
15
11,2
13,7
21
10
17,2
15
12
15,6,3
20,4
24,5
11,11
10
14,11
11,7
10,3
15
18
12,5
19,7,2
16
5,5
22,6
8,8
20
22
12
18,8
16
25
11
14
10,5
17,10
17,4
24
25
11,3
22
13,8
21
11,8
9,2
8,7,6,4
13,9,3
18,9
21,7
16
20
11
22
27
23
14,1
28
12
27
13,8,5
16
22
29
8,7
16
14,9
18,5,2
19
11
12
10,9
6,6
11
8,8
15,4
16
18
15
24
19
10
13
10
10
21
23
9,9,1,1
23
16
17
12
15
18
10
16,3,2
12,11
16,5
22,7
15,3
15,7
10
10
19
23
29
16
10
11,4,1
16
24
18
16,12
12,4,1
10
13
17,9,2
12,4,1
10,7,5
26
11
17
8,6
10
8,2,1
16,2
23
11,2
20,4
22,5
18,4
14,14
24,4
12
15
13,1
10
14,7
13,6
20
25
13
12,6,4
15
29
13
23
11
17,7
14,3
11
12,7,2
16
13,2
13
14
12
28,1
22,7
22,2
15,1
13
28
23,1
9,7
11
25
11
17
13,8,5,2
28
15,6,1
23,6
13
18
25
21