9,2,2
8
5
8,6
9,3
6,1
11
9,5
12
11
5
10
13
8
11
5,5
10,3
12
10,2,1
5
10,1
11
6
6
13
14
12
7
13
6,1,1
12
11
6,5,2
9,3,1
9
6
12,2
10
5
9
6
9,5
7
11
5
9
5,2
12
14
11
10,4
10
5
10
7
6,1
5
11,1
6
12
7,5,1
8
9
9
8,1
9,4
9
7,3
12,1
4,3
7,5
5,4
9
14
8,1
12
10,3
11,2
6,1
9
10
10
9
13
13,1
5,1
13,1
8
7,6,1
9,3
9,5
9
8,6
6
7,4,3
7
9,1
7
14
11
8,1
9
5
9,1
6,3
7,2
13
5
6,3
7,5
10
14
6,2,1,1
6
13
4,3
11
9,1,1
5,5,2
5
6,1,1
10,3
4,3
9
5
9
8,1
7
9
10,1
8
4,3,1
8
12
7
3,3,2
7
6
11
9
5
8,5
11
9
7,2,1
9,2,1
9
8,6
13
6,3
11
6
7
10
10
8
7
5
11,1
13
13
5
10
9,4
7,5
12
7,3,2,1
7
7,3
13,1
6,2
13
9,3
10
9
7,6
7,1
12
7
9,2
10,2
9
14
9
7,4
6
5
10,1
10,2,2
9
7
5,1
8
8,1
11
7,2
5
5
5,1
5