29
28,26
26
35
24
23
36,10
28
36
19,13
46,4
22
29
32
30,22,2
59
45
25,19
33
57
24
55,6,1
46
32
26
22,5
55
40,5
57,5
45
35
28,21,12
55
52,10
55
44
28,8
34,25
21,21,5
21
44,2
37
23
59
42,5,5
55
32,18
23
37
29,3,1
18,16
47,10
18,12,3
29,2
33
26
41,1
27
53
30,20
46
57
27
22,2
47
40
55
35,11
25,13
53
38
44
44,7
52,5,4
25,12
60
32
27
32,3
28
61
38
16,7,7,4,3
39
20,10
21,11
31,19
27
34,26
41
23,10
27
28,4
49
48
27
47
48
26,11,8
16,9
32
21
41,12
40
33,16,10
47
37
48
21
60
27,16,12
49
30,24
26,13,4
24
46,17
45,16
20,19
49
41
37
60
38
43
25,19
34,12,2
35,4
33,22
32,15,3,2
38,8
48
22
24
25
57
53
32,21,6
31
26,12
33
24,17,10
36
35
41
36
55
22
33,26
35,24
18,9
41
22
28
23
36
30,5
53
39,15
24
51
55
22,9
31
26
34
29,17
33,4
44
59
56
27,17
22
32,17
23
35
28
58
34,15,11
55
38,8
29,21,9
46
16,14
35
36,15
31,19
22
26,12
48
41
16,14
44
33
40
28,3
27,7
35
50
29,22,4
24,18,9