19,14,2
17
19,12,8
23,1
24
18,14
22,7
16,2
24
19
32
30,2
25,4
14,12
42
21
25
17
24
20,14,10
11,9,4
31
11,10
32,7
23
25,14
21
35
40
34
16
19
33
41
14,12,11
36
19,14
22,4
44
22,9
18
37
37
22,6
17
18
31
21
17
34
29
17,14
11,6,1
37
22,4
35
15
21
42
27
28,14
44
20
29,9
17
22,15,3
39,4,1
23
29
20,16,3
30
12,13,8
20,2
18
21,12,6
21
14,11
27,6
29
13,5
28
18,15,5
20,13
15,11,7
25
11,4
23,1
21,20
9,8,3,2
23,9
23,5
24,4
23,17,2
29,15
16,9,5
26,17,1
18
41
37,7
17
27,8
18
29
24,7
19,11
18
41
21,18
21
42
39,4
35,8
17
19,18
20
19
26,6
33
25,10,9
16,13
18
25,2
27
25
24,18,1
32,9
23,7
25
25
34
15
34
14,12
9,5,5
27
25
14,12
22,8
30,7
19
19,18,2
17,10
25
23
34
18
16,15,3
27,3
16,2
23,14,6
14,7
26,18
38
15,11
15
16,11,9
25,2
41
24,11
31,5
42
18,12,10
31
31
23,11
16,7,4
43,1
16,3
21,6
39
21
23
27,11,5
18
43
20,1
18
39
20
29
30,5
26,18
26,9,7
22,16
21,12
18,4
24,5
23,17
15,6,5
15
22
16,8
29,4
19,14,10
16,12,6,2
16,7
20
35
30,6
32