Year	T (deg C)
-------------------------
-457.5281 -30.3931
-446.2921 -30.4024
-435.0562 -30.3285
-422.5718 -30.2993
-414.7690 -30.3249
-406.9663 -30.3762
-391.3608 -30.4724
-384.4944 -30.5317
-373.2584 -30.4763
-350.7865 -30.2731
-350.7865 -30.1715
-333.9326 -30.1069
-311.4607 -30.0976
-300.2247 -30.1438
-294.6067 -30.3008
-283.3708 -30.4763
-272.1348 -30.6148
-272.1348 -30.6794
-255.2809 -30.7718
-244.0449 -30.6702
-232.8090 -30.5778
-210.3371 -30.5686
-204.7191 -30.3931
-193.4831 -30.2084
-182.2472 -30.0330
-176.6292 -29.9960
-159.7753 -29.9868
-154.1573 -30.0237
-137.3034 -30.1161
-126.0674 -30.1069
-120.4494 -30.0237
-109.2135 -29.8852
-97.9775 -29.8391
-81.1236 -29.7559
-58.6517 -29.6451
-47.4157 -29.5712
-36.1798 -29.6451
-19.3258 -29.8852
3.1461 -29.8668
3.1461 -29.9591
14.3820 -30.1069
20.0000 -30.2084
53.7079 -30.2546
64.9438 -30.3100
76.1798 -30.3100
81.7978 -30.4670
87.4157 -30.5963
98.6517 -30.8364
121.1236 -31.0396
137.9775 -31.1966
160.4494 -31.2243
177.3034 -31.1412
188.5393 -31.0488
211.0112 -31.0488
233.4831 -30.9288
261.5730 -31.0673
334.6067 -31.0580
328.9888 -30.9380
340.2247 -30.7995
351.4607 -30.6794
357.0787 -30.6055
379.5506 -30.5132
402.0225 -30.4763
413.2584 -30.6979
430.1124 -30.8087
446.9663 -30.8826
503.1461 -30.4116
525.6180 -30.8734
548.0899 -31.0580
559.3258 -31.1227
564.9438 -31.2150
643.5955 -31.3443
654.8315 -31.4182
666.0674 -31.5475
671.6854 -31.6860
688.5393 -31.8799
733.4831 -31.7691
739.1011 -31.8338
761.5730 -31.9261
778.4270 -32.0646
784.0449 -32.1385
812.1348 -32.1939
834.6067 -32.1293
868.3146 -31.6675
873.9326 -31.6214
890.7865 -31.5660
907.6404 -31.3259
913.2584 -31.2612
935.7303 -31.1966
952.5843 -31.0858
980.6742 -31.0765
1003.1461 -30.7441
1031.2360 -30.6702
1053.7079 -30.4670
1081.7978 -30.8272
1098.6517 -31.0303
1109.8876 -31.2150
1154.8315 -31.3813
1199.7753 -31.3074
1233.4831 -31.3905
1250.3371 -31.5475
1278.4270 -32.0000
1306.5169 -31.8338
1340.2247 -31.6583
1362.6966 -31.7876
1379.5506 -31.7137
1446.9663 -32.0369
1486.2921 -31.8061
1542.4719 -31.8799
1564.9438 -32.0277
1604.2697 -31.9261
1660.4494 -32.0000
1688.5393 -32.0923
1727.8652 -31.9908
1755.9551 -32.0831
1778.4270 -32.0277
1817.7528 -32.0277
1834.6067 -31.9815
1851.4607 -32.0462
1885.1685 -31.7230