1 0.686291501015239609586490206326
2 0.612807102315627401679548476729
3 0.692658471061220938666994505355
4 0.676372332306029255659665555408
5 0.654934280329013433966393380911
6 0.674413183471530066358686982685
7 0.746153230469759897379439667492
8 0.721486914900988249479759677467
9 0.699857140175223854936269498606
10 0.729788453972177402373005711137
11 0.719101592783959497365179991504
12 0.755312622806943012206842214130
13 0.727491853864772795469510131294
14 0.746486756470157633613867393908
15 0.728801419181536200430090727506
16 0.743347103958489487613193326311
17 0.743594403391500608336021956253
18 0.755440906199197232431357820980
19 0.770534823131822034080312767981
20 0.753726990868941872875322013364
21 0.763565600475853365526889907199
22 0.750636959072117204744558312933
23 0.759433948404002683987378066109
24 0.763743659451594169732007874488
25 0.771428032845733415126285385673
26 0.769700710435914608852759922229
27 0.779040325019433751152111117631
28 0.767172204402321550836691887403
29 0.771638673984489488696048598282
30 0.778909324738657890046016413694
31 0.771984412017757815941752166433
32 0.776772446448571520034754038959
33 0.776539394278285243947270191546
34 0.779413522075449301864183954871
35 0.778198560579299226425426824167
36 0.785130856559117299664607746209
37 0.784198264235434764070001446823
38 0.782959073774033364648399646019
39 0.784015889031355994152698136593
40 0.785988796237099760268526068865
41 0.783203310268623406258561330627
42 0.788080802990641913998519198214
43 0.788217743369574189626113184894
44 0.792247383686289074099780444298
45 0.794223227304972335339919010393
46 0.792895913265817776098895771967
47 0.789730904453696841390942749409
48 0.792791888770875501114746456382
49 0.794881161781889330499456970367
50 0.796322826867597267408784098160
51 0.793881647217257301662781329314
52 0.796421143421084119134768435457
53 0.800312820480516041743544388663
54 0.800234368121923451912726723248
55 0.801183404384133775975509122987
56 0.801423921496557858217604111399
57 0.801673103847538813734015776962
58 0.801085352089837252756838213066
59 0.800206886815844254254500445004
60 0.801931772320686708768375357264
61 0.802172035029203643582985231049
62 0.803076382820407282986418833778
63 0.802736804566316951078676771641
64 0.802270137001571085329698308153
65 0.803802972932216613776241535867
66 0.807656810133795776050061301162
67 0.814193345836162318181373478237
68 0.809537590066106053329050602206
69 0.811779199217707723374854237446
70 0.811607545151048806608009618658
71 0.810210639067615741675305906983
72 0.808105881781491753007683300460
73 0.809419576621298788825523900162
74 0.811546017117317421016711227754
75 0.812429211630030117082969496884
76 0.811279952021712755889856761284
77 0.811078477374530619963319201683
78 0.810546637341256936581032599330
79 0.813211133335418047754548139307
80 0.815110548696462771051519381953
81 0.814156082518475298148213236384
82 0.818331832518990549522400232876
83 0.818988784954226624755170089671
84 0.818983432117788210068104617487
85 0.817332341868926859217415179828
86 0.816496166455246995037935000763
87 0.815011110533421407757225667294
88 0.815585334534385043170649649276
89 0.815452464116388024756907262991
90 0.818789006964155765801287983644
91 0.818694719999048242546398808393
92 0.817869274064476455018250347123
93 0.817410657208555087783341761293
94 0.817282206043588609123310148589
95 0.819734782334550166044193921904
96 0.818310368443578690906239652703
97 0.820608078240195913679059489031
98 0.820593998022545235661841312316
99 0.821378102805228565944852087925
100 0.825243658559129076240356879119
101 0.822441206105212739084038346091
102 0.824278548898446144540947597906
103 0.823468394295755059523307914649
104 0.821653806427610304229114741462
105 0.820062347329021299508777045362
106 0.821667860600638335349634255074
107 0.821182863980673776294110165302
108 0.823129871453586752355863030021
109 0.822662049195041380459198189447
110 0.823173842249816928123684321706
111 0.826551448682255961473510932328
112 0.824526431521379613995151407024
113 0.827844146002697442028944722836
114 0.826292491057393896861877381425
115 0.826166653244822537474429037859
116 0.826595687000613232699300133418
117 0.825516547046539059273698016613
118 0.825767186055307019165334190939
119 0.826297545911413919917877771473
120 0.827823918623417020519716880206
121 0.827313416772490452904096737161
122 0.825868683019252666620603218134
123 0.827474294049452961827028583080
124 0.827244307972901309679401696762
125 0.826837871703773816296132940500
126 0.828294343954681816359714541937
127 0.828099133434300360755901786455
128 0.828408171822489609667194118123
129 0.829608448097520317966773612517
130 0.830165775016647342358694170608
131 0.833927532608340912218060976772
132 0.832461625777531111220021316978
133 0.833045923505749942290673099027
134 0.832855338933808333670694612497
135 0.830996272364471066583865771395
136 0.829138171183073000399821901151
137 0.827957960424028986102883579711
138 0.829025368053954319788259622712
139 0.829708897660789355458683575743
140 0.830414362271771321944425869175
141 0.829946515315334754813538454147
142 0.830735000778616633853022705454
143 0.832071892133558813548446378934
144 0.832203038289154859585828830135
145 0.832268318811457605453034870319
146 0.831749191027308335973070907908
147 0.831893765282101092193290087806
148 0.833519743584365335276991263636
149 0.834551011547836603763544505921
150 0.834921471700353204427069265226
151 0.835884319723733386701279366604
152 0.834930636471756234930563520783
153 0.836285690171340397702271448603
154 0.837151686275909657398245662234
155 0.837568765894333630499719804661
156 0.835373987310038140044538609919
157 0.833978295143617429584749067312
158 0.834000165269117878904836439470
159 0.834112040954272753323664115835
160 0.835297728981807432404720943249
161 0.835265993866861238558389595031
162 0.835272679707507794050609918405
163 0.835326502735241001742699950318
164 0.835604788599718925317378794897
165 0.837154094506504755275644899238
166 0.838715660222833275083966876956
167 0.836923199918577507788111302171
168 0.836722008727439947660341449639
169 0.838130666011625875326886222029
170 0.839271365470489056104335972240
171 0.839089158247988721292982541307
172 0.839830584208348782954632432736
173 0.839908894302139172159194629511
174 0.839241952737348932380674301495
175 0.838209921050314929382865539743
176 0.840109442573380827649552213155
177 0.839071923094338076634495440774
178 0.839564960040151891706101624496
179 0.838403801884465294397205023850
180 0.838777193016163509953046261809
181 0.839357387665133969777730271137
182 0.838549105599865165025176298704
183 0.839275324749586599533477925166
184 0.840055249517056252454670122353
185 0.839887469284437562326973800443
186 0.839219903216649720070085870863
187 0.838839520509804023369799775375
188 0.838390626925164022244947314547
189 0.839234113004504929344385828641
190 0.840642789341599883109898182888
191 0.843607082657378216816612083013
192 0.843683492086939069296936479075
193 0.842770160978294275164421225712
194 0.845535213229599327364380292440
195 0.845235216896649388018044332129
196 0.844329942878956010289942605235
197 0.845291952230101899251146440538
198 0.842792264595721349150694182713
199 0.841190857322052749677043264563
200 0.840653982121296901687094605835
201 0.840943227222129762000454428300
202 0.841654373460987840004508128550
203 0.842780681872782711913425357822
204 0.843092340757097338377532711224
205 0.842931571618993783188326682192
206 0.844079616635843272984706094715
207 0.843707664184050699624027004574
208 0.843383806048998961808987809376
209 0.843812792567516559393664313480
210 0.845399064114243148231827287655
211 0.845185591029785358204349030418
212 0.843345747089276953514672387485
213 0.843447365344738436001433507674
214 0.843638456679704915593265253212
215 0.845889352094687059162954009643
216 0.845166810534006971566180807147
217 0.846804141492225195489032582388
218 0.847367598064852814805739755712
219 0.848252358492463575423422982060
220 0.847571156333898301595806478513
221 0.846555903873609959368020079857
222 0.846068084125450342236175716927
223 0.846302738390427058278428240018
224 0.845186978028642895971851747861
225 0.844841272949264812866418979501
226 0.843387322115298677094222519179
227 0.844222872159774237228638263363
228 0.845414475086540759399566756046
229 0.845959467943909306731021634913
230 0.846186084889039740196571010909
231 0.846228281768956698035916925102
232 0.845538567047002326015476120098
233 0.846198712230089304391815113890
234 0.846464784180592806636768639720
235 0.846759676171821869349779525740
236 0.847238929645600722713285672029
237 0.847577974182342643813718336301
238 0.846991644538191186661891408176
239 0.846272853138212022700536952905
240 0.848515635103525810716209760957
241 0.847596581708720620662265381714
242 0.848327718192384339609740557427
243 0.850192744623982771837735806457
244 0.848192108424223229412160240375
245 0.849050526733757502867883268450
246 0.850522031834490916870770278035
247 0.848956958410550609444400432838
248 0.849546639957531172587883047619
249 0.848465859049962807177791865158
250 0.848849554000830573324526690462
251 0.848123311536120970384794195873
252 0.847286448397125342342530399404
253 0.847102517720451160618493011606
254 0.848759155313640259760921487910
255 0.847610589989229630373880900095
256 0.847893696483873816714624292383
257 0.849145874609576957877995473413
258 0.848579332145502052524048128751
259 0.848492074991514845982489474370
260 0.849462264977868092117123961678
261 0.849816537871492649860368191288
262 0.849023776576862450098553406132
263 0.849308940490984085840000879343
264 0.850782753679177544693412442551
265 0.850865371706867107733370364388
266 0.850823325485427708241721448623
267 0.849758664610575113100529011498
268 0.850665600699941069240312670481
269 0.851342491778881668407835606813
270 0.850143189059283219770483506057
271 0.850221759635678578811432672147
272 0.851419386722648015004007660305
273 0.850547724743486952630078716786
274 0.850560188359433834240490403984
275 0.850674704662271602904152712557
276 0.851176352779102143617301880672
277 0.850909572235543671251861063586
278 0.850256427282195028507940363672
279 0.850321613642726993534344751024
280 0.850532358650174919127548167973
281 0.851787842328834571728151778065
282 0.850382592341498388440050164238
283 0.851293438805294046279359914515
284 0.851533017666714265344594953370
285 0.850847404647695222165048276597
286 0.850272712944265716039197715110
287 0.851041014242704739593507099082
288 0.851298592368622356298305632650
289 0.850625657495983292750030770156
290 0.850823076366873254271166495851
291 0.850345299532224649119313985821
292 0.852428031838216928397968559538
293 0.852072805633515390718684245903
294 0.854307957605002430736117395137
295 0.853623816711089481806977504074
296 0.853337707112424194832760179849
297 0.854988283881899013523086816651
298 0.853070898750515527775317176735
299 0.853524262455418869518929854978
300 0.854091233117639991099181669178
301 0.852611035343450085485009626073
302 0.852706193619838043453037568939
303 0.853518071149634964402144534645
304 0.852251226530325281100230800693
305 0.852119590403418344980383361983
306 0.851966561585228532119906291314
307 0.852354919766164788615509086741
308 0.851866185773658564711013407757
309 0.853031015937033528520880517887
310 0.852502769992749344113745233557
311 0.852840505815861197678249243590
312 0.853391185178603543753239268774
313 0.853763209370576003671541209726
314 0.853740564176801253368226009543
315 0.854661423481585121661556921616
316 0.854577632884234823673513923874
317 0.854313196083139028898070129523
318 0.854154725382923612918104720283
319 0.854227990714260294789353662729
320 0.854240169113041926001682818088
321 0.854144704270831250750521496271
322 0.853489919346815339898920365739
323 0.854575085124262026900072940407
324 0.855047115575783273725107389064
325 0.855066101638461074752696741796
326 0.855977048278549105856859073339
327 0.855474235648748470726621110309
328 0.855900274361224465838991679150
329 0.855926863622255862683826828430
330 0.855228600985530068442459886348
331 0.854393394976554265563851239817
332 0.856315341163721765734322851973
333 0.854739054775344981913711458703
334 0.853431707064964523970956296594
335 0.853368205718121908548381938628
336 0.854328438115907005149202263033
337 0.854682895666670774776307145809
338 0.853640546928172533320566742130
339 0.854655099987467805108024339652
340 0.855435780278732442198230661990
341 0.855185462720665665686729998391
342 0.855648058637606009911620951599
343 0.855017594918343760865387650507
344 0.855530614802816507412696638296
345 0.855911525809444268303718298080
346 0.855555301712970337222108622774
347 0.855650537343660238234452142238
348 0.855787177864139378367438924624
349 0.855962256016075620365805495966
350 0.855076512395195718682350456846
351 0.856531664847290623449984116285
352 0.856414155152769519458346090906
353 0.857185438444901834098712662215
354 0.858641403299414013912597388198
355 0.856944505462529678275800246481
356 0.857366251221970468342575341523
357 0.858079452936287689940580785428
358 0.857803225148089954244253589863
359 0.857737537683686727734212467505
360 0.858590753539000860930912361033
361 0.857876038435635860702430664340
362 0.858184050849328835786957305298
363 0.857635724568205672034593407620
364 0.855276220841720916922813697748
365 0.855807681709893541318817158292
366 0.856067081116463741248952405407
367 0.856011780872275812975238708651
368 0.857452593348251316521095254197
369 0.857512410303350609527455631964
370 0.857722322864425471307098861329
371 0.858427815831764959997173962948
372 0.857246925611260518097496615206
373 0.858007015046424951520112012569
374 0.858609279432310955192502601609
375 0.858674613772609364516442807590
376 0.857486226438667214194135780338
377 0.857097168845474229190469170001
378 0.857404777826047362263528171334
379 0.857857151309938592083150975032
380 0.859417867781653469297873034868
381 0.857581504445690780355223503133
382 0.857625033055318832249234889810
383 0.859242064553476648496352583220
384 0.858419063562602766954654069162
385 0.859108736133289106097295342491
386 0.859618662235862123920064398225
387 0.859330580577283968585652642727
388 0.859291567410923072947128957392
389 0.860457843866866370687159897942
390 0.858872863425689103169438767960
391 0.859218524705914891174510071314
392 0.859695735689507367622619899027
393 0.858525826415271402817005771760
394 0.858273675311690506809356632227
395 0.858143103911584995314641440626
396 0.858156232983466564153150907932
397 0.857929167451839829515387715778
398 0.857950690344749838791093039633
399 0.857321207928147031275900390822
400 0.858100284575238267595237022466
401 0.858688894961319480551495044954
402 0.859529533254565917446427085495
403 0.860118036313155551508240360183
404 0.859815740335295083878798227247
405 0.859518335730788726497169228881
406 0.859813985080983539648633080887
407 0.860381754744993975582493178557
408 0.860551872527696658099015765233
409 0.859582517989318624727895128769
410 0.860181209298082402152807813011
411 0.860560315591143764961991423780
412 0.859636796347339214188195443955
413 0.858269309325668981787261508383
414 0.859359961316944249019933195646
415 0.860679252017996356470201034887
416 0.860964570369593026484643957755
417 0.862145526649145190783929928685
418 0.862445403682993299979329208447
419 0.861746412213236462181300163922
420 0.862900134881775086585237980523
421 0.862268033167432239123062757137
422 0.862959508695478607447600023845
423 0.862884871096627203525996830903
424 0.861873820741043605871884887532
425 0.861119517195606593179831183130
426 0.861642969872364930310245754703
427 0.861246647816084503806280587913
428 0.860279099780460922076913436627
429 0.859771928724602680237647223928
430 0.858846418492506160623736629545
431 0.859533619236136068918040660041
432 0.860159750243876825571787485492
433 0.861029514254180288743329274548
434 0.860837142265275863241019423576
435 0.861678939020089568985850494927
436 0.860904378571344939026120372115
437 0.860822484655808600966952835623
438 0.861303828665071940208275993457
439 0.860756845859813961115888656714
440 0.861097335291928411981114010717
441 0.861804535210930404509664729426
442 0.862014654619120397184848217436
443 0.862186456770287936956314915420
444 0.861605612025125002807252685049
445 0.862249901370164459075892143838
446 0.862416707744655713100707907204
447 0.862111816324691724872948724567
448 0.862350394580549946297709766468
449 0.861895404886434129308082335279
450 0.861577820809883229080057554012
451 0.861427756678500604050084467469
452 0.862709870779252399757597597652
453 0.862888739392805056224182592141
454 0.862227237082524471039270960833
455 0.863724331763922382162547907289
456 0.863845803988947265672196884204
457 0.863654830550163210051871941379
458 0.864368931928794165790418537054
459 0.862948081385728464773129047685
460 0.862889165064205191966700488748
461 0.863532543718710747339129185908
462 0.862331358294911612047111866993
463 0.861974257793822582355141000457
464 0.861472027735306587266689372135
465 0.860666639929557543835879752349
466 0.860973524339344155968248933977
467 0.861037841006922895568560392643
468 0.861132629707539540479559787035
469 0.862547559125062485041279453345
470 0.861970755467341162084887536779
471 0.862811485080426858044713894806
472 0.863289354179986509542929104207
473 0.862820273987195341871381873662
474 0.862838701220639924790701871068
475 0.862779403866551632062021364998
476 0.862527350776805392342426306022
477 0.862909083984569584274071050854
478 0.863618935264685720890435029300
479 0.863229772027152959718462738261
480 0.863168479264386362684515383241
481 0.863085490825909967262817589765
482 0.863012824083631202405897800995
483 0.863474264071950096940480446689
484 0.863257515639727183961159772441
485 0.863511164365665073737084828404
486 0.863694222971034231734434036223
487 0.864073133087524847230475185551
488 0.863679064484277429420741774460
489 0.863422972043686466696359410829
490 0.864370309699053541920424194210
491 0.863970126340625103172801877081
492 0.864177816516033808894833947717
493 0.865022451322701469813433709373
494 0.864692561754993622489207404691
495 0.864275742911500763633028731029
496 0.864104935067988285843248831896
497 0.865117172841697437677693411067
498 0.864216740926547703617708048262
499 0.863029475416757294268800083804
500 0.863591680194682203551447880001
501 0.864003254781806838481807080438
502 0.863555501072876431589487987753
503 0.863908850286434559411545187595
504 0.863272714687587222755997443463
505 0.863038601353623048105750131643
506 0.862662544175429208748444777447
507 0.862478972872341027278509147692
508 0.862016029219837862363581315670
509 0.861738807492060786257832894728
510 0.860679504548755114847810373433
511 0.861039966268562332096365258654
512 0.861348168799195036639916204231
513 0.861464986237628381355059187556
514 0.861397866960825464263024691456
515 0.861599764814762684605223516063
516 0.860812107158707883022305548364
517 0.861598543480279084965537513679
518 0.862354078008488205708531562168
519 0.863585872039139012900998888097
520 0.863526779245392109844078242400
521 0.863644956625575442045995533417
522 0.864498332786414758695602411939
523 0.864491473129115340904290607670
524 0.865379427809046775199321284087
525 0.866093806875250520281420429084
526 0.865988484197795777949058508805
527 0.866127109473291641225630759150
528 0.866408840610568362845242290499
529 0.865100954695146211677258577567
530 0.865611092874281289070100508971
531 0.865636495452842922067743411891
532 0.865077411114660969564407926516
533 0.865384248223311363556147327960
534 0.866203191462706945786896100072
535 0.865520280806719906644906794910
536 0.866143860346489672254508419723
537 0.865011627251178126475176369771
538 0.865001238703087648922491324447
539 0.865795565399471014998205015893
540 0.865886543200102174704170001077
541 0.864739765073392930437640917275
542 0.864761470728232785930350051328
543 0.864212182197202625533291418138
544 0.864193291004213553752896206073
545 0.864917995133844784579759978129
546 0.864697035973164698857479169792
547 0.863918469269020903269297489080
548 0.863858164010798722294771727305
549 0.863096018093104572648438969931
550 0.863156543602603636622642918819
551 0.863410773191387751131662304476
552 0.863672035102877271093862504410
553 0.863669017201507072365079373739
554 0.864831603343272413639024623479
555 0.863947794267952382980225807031
556 0.864384731913316596300213616583
557 0.864717256109706501079666958498
558 0.863974190454151214309121823712
559 0.864321087881860730458789459169
560 0.865672110225777685808510761551
561 0.865867663965981507996536299772
562 0.866776041890156550795154148704
563 0.866898963088907739827532126083
564 0.867036163063471118403791417897
565 0.866888509458555617354128596357
566 0.867256700550787895811056075043
567 0.868168906273464028169009980940
568 0.867905654626442898610327687852
569 0.867779099575390192294710095737
570 0.867728997862523079774312402413
571 0.867348980863159373263173404343
572 0.867283071748694782279454097930
573 0.866894083448099349586516023263
574 0.866994929574495083867914676812
575 0.866551628455559350483772544005
576 0.866251565677074480306340708417
577 0.867203098002758183674124733533
578 0.866355005451477484561102175501
579 0.865756672884240913463061299799
580 0.865823781050382944214733498498
581 0.865245042627669577618792301603
582 0.865705943914290833079536969797
583 0.865758674352706412559875512982
584 0.865447560651661152548937188346
585 0.865339909161015803952655251038
586 0.865134167872462423537373196041
587 0.864244074578920150596220633543
588 0.864319608836427638278855051876
589 0.864881066662899484578972091176
590 0.864956840522298763179418381006
591 0.865118743021935179625761765610
592 0.864771471198072802684953226220
593 0.865529366393509519577197012169
594 0.865472715151582029046455123417
595 0.865142253456320321324160187367
596 0.865429782359517500206512981636
597 0.866256499963114531348756344875
598 0.865984447608947887459113571316
599 0.866630707315075307376544200586
600 0.866030572157202593558241518794
