1 0
2 0
3 0
4 1
5 1
6 1
7 3
8 1
9 1
10 1
11 1
12 4
13 1
14 8
15 2
16 0
17 1
18 3
19 12
20 2
21 9
22 2
23 1
24 2
25 2
26 4
27 3
28 3
29 1
30 2
31 2
32 3
33 3
34 2
35 4
36 1
37 4
38 5
39 4
40 3
41 1
42 3
43 3
44 3
45 4
46 2
47 2
48 5
49 3
50 3
51 2
52 6
53 3
54 3
55 3
56 6
57 5
58 3
59 1
60 5
61 5
62 5
63 6
64 8
65 7
66 3
67 4
68 6
69 6
70 8
71 8
72 6
73 7
74 7
75 5
76 7
77 6
78 6
79 5
80 6
81 5
82 4
83 4
84 5
85 6
86 5
87 10
88 7
89 6
90 5
91 6
92 7
93 5
94 8
95 9
96 6
97 5
98 5
99 6
100 7
101 7
102 10
103 7
104 9
105 7
106 7
107 9
108 7
109 7
110 4
111 7
112 8
113 8
114 8
115 7
116 7
117 9
118 9
119 13
120 6
121 9
122 7
123 8
124 4
125 7
126 9
127 4
128 4
129 3
130 6
131 6
132 14
133 10
134 9
135 10
136 16
137 6
138 11
139 4
140 10
141 7
142 8
143 26
144 7
145 6
146 11
147 5
148 8
149 11
150 7
151 10
152 10
153 5
154 11
155 8
156 6
157 6
158 12
159 10
160 11
161 11
162 11
163 7
164 4
165 6
166 11
167 9
168 7
169 4
170 6
171 9
172 8
173 12
174 10
175 6
176 8
177 12
178 12
179 8
180 9
181 19
182 10
183 11
184 19
185 15
186 5
187 12
188 12
189 10
190 13
191 8
192 9
193 16
194 7
195 6
196 22
197 9
198 10
199 7
200 10
201 15
202 7
203 15
204 11
205 9
206 8
207 19
208 14
209 14
210 8
211 9
212 13
213 12
214 13
215 6
216 6
217 91
218 16
219 11
220 15
221 8
222 9
223 9
224 9
225 10
226 7
227 13
228 12
229 9
230 18
231 9
232 9
233 9
234 12
235 8
236 17
237 21
238 16
239 10
240 4
241 11
242 16
243 18
244 10
245 16
246 21
247 6
248 9
249 13
250 13
251 11
252 9
253 8
254 24
255 21
256 10
257 21
258 9
259 10
260 8
261 9
262 18
263 14
264 16
265 10
266 11
267 7
268 10
269 10
270 12
271 14
272 24
273 13
274 27
275 20
276 180
277 14
278 17
279 13
280 16
281 16
282 17
283 16
284 9
285 10
286 24
287 5
288 8
289 9
290 14
291 7
292 12
293 10
294 15
295 8
296 16
297 19
298 13
299 5
300 11
301 12
302 7
303 14
304 12
305 14
306 10
307 10
308 8
309 10
310 10
311 19
312 13
313 11
314 9
315 9
316 5
317 8
318 14
319 9
320 13
321 13
322 6
323 8
324 15
325 28
326 26
327 14
328 10
329 13
330 9
331 9
332 15
333 11
334 21
335 12
336 24
337 8
338 13
339 17
340 5
341 12
342 9
343 12
344 13
345 8
346 13
347 14
348 14
349 17
350 16
351 17
352 11
353 6
354 12
355 15
356 28
357 14
358 15
359 21
360 16
361 8
362 21
363 18
364 13
365 8
366 11
367 9
368 14
369 16
370 24
371 7
372 11
373 8
374 9
375 6
376 6
377 11
378 5
379 7
380 11
381 15
382 15
383 17
384 8
385 8
386 9
387 10
388 19
389 17
390 18
391 46
392 12
393 4
394 19
395 14
396 10
397 14
398 24
399 7
400 13
401 17
402 20
403 8
404 9
405 9
406 19
407 20
408 11
409 8
410 12
411 19
412 24
413 8
414 15
415 13
416 10
417 18
418 7
419 19
420 35
421 13
422 18
423 20
424 12
425 9
426 15
427 13
428 10
429 17
430 22
431 14
432 20
433 17
434 11
435 19
436 9
437 13
438 10
439 15
440 9
441 23
442 10
443 15
444 20
445 11
446 15
447 16
448 11
449 10
450 17
451 11
452 10
453 14
454 11
455 10
456 8
457 13
458 11
459 18
460 5
461 12
462 10
463 12
464 34
465 6
466 18
467 16
468 52
469 23
470 23
471 34
472 26
473 28
474 22
475 7
476 7
477 4
478 7
479 6
480 8
481 18
482 12
483 22
484 20
485 7
486 23
487 11
488 38
489 14
490 36
491 21
492 27
493 25
494 18
495 16
496 11
497 14
498 318
499 17
500 19
501 16
502 9
503 15
504 11
505 28
506 15
507 18
508 19
509 18
510 5
511 12
512 12
513 12
514 16
515 15
516 15
517 16
518 16
519 21
520 5
521 14
522 13
523 15
524 13
525 18
526 21
527 12
528 12
529 16
530 14
531 15
532 13
533 20
534 12
535 15
536 12
537 14
538 28
539 14
540 17
541 10
542 12
543 13
544 16
545 22
546 14
547 19
548 21
549 8
550 83
551 23
552 22
553 23
554 7
555 14
556 12
557 13
558 8
559 9
560 16
561 17
562 25
563 15
564 38
565 14
566 20
567 19
568 15
569 8
570 34
571 15
572 25
573 9
574 12
575 16
576 7
577 27
578 26
579 21
580 15
581 23
582 26
583 12
584 11
585 12
586 24
587 18
588 17
589 71
590 9
591 22
592 17
593 16
594 14
595 11
596 25
597 17
598 26
599 113
600 10
