1 0.539012084452647221356168169717
2 0.539012084452647221356168169718
3 0.643028701816816785189812234039
4 0.644916045758165562530105410266
5 0.615165138079140704708797706019
6 0.685805455832301883363908754499
7 0.657100208776002641852224338399
8 0.665299789950114100239944951225
9 0.687235444967990160141763805356
10 0.708943746755424005131531568449
11 0.683047780196988340772376936867
12 0.694050447396894651856705323281
13 0.700459406614532423365565735561
14 0.708616411308056312112059587007
15 0.723401057589519737764073319332
16 0.710871867602807411648147924337
17 0.722858925072265284244889852196
18 0.718900763870634434009601801220
19 0.728792729832220021743893192684
20 0.733090694962788648294113749886
21 0.733278126867138413075824300159
22 0.734512165797951773574949634195
23 0.740477644494823967502186301522
24 0.737095086389099129138847517312
25 0.738185940334435672959955675163
26 0.745947145954541054610830451870
27 0.745120295526152838364262854424
28 0.747571294817113952029887171613
29 0.746628752462012498758749340936
30 0.749612435383815641721784305184
31 0.753735121369256862162910562291
32 0.754837510878911758460749542489
33 0.754974552197990232487828468352
34 0.757040476665274290115097272902
35 0.757818077416705529320183343323
36 0.760338739233786272657756818154
37 0.760678581311477360648353382184
38 0.762848776388717539243404050266
39 0.762309606655985497474125772542
40 0.768159000173515421538815978976
41 0.767077963147849229384865858766
42 0.766042153382295315754236355492
43 0.768630388674890596969264872270
44 0.768962802849917813386719124959
45 0.769005423134607725961422248862
46 0.773436654572145936380643767322
47 0.775064793820534598826964084684
48 0.773991483519431576070081110368
49 0.774276932726294917396142303279
50 0.778592235490629276597279891647
51 0.776011468594735083280519881684
52 0.779476482909589510514531418763
53 0.780116461780540638015062231818
54 0.781315953289781108631252019968
55 0.780329030297894828661661174953
56 0.780954068217553079330428142327
57 0.782603338305746579331040278103
58 0.785311887169001338739714054955
59 0.782729209321531585837676411263
60 0.783948131578674519800025888348
61 0.786310274247114615647657656971
62 0.786007825999668278239075052311
63 0.786366192701570570094479832223
64 0.786478788035896997646418703708
65 0.788199967099329858900138922454
66 0.789587163319288599106976419171
67 0.789713661663124726965474850495
68 0.790309353784900965489376761078
69 0.791112320086862692409518453076
70 0.793867321991546728965486354273
71 0.791280801977985254884915338238
72 0.791518538295412737222133671760
73 0.793657074936233804743975608094
74 0.794135245261342517836824674706
75 0.793422495196473113238894716813
76 0.795085702654816843115558768458
77 0.795866711997174785310565368528
78 0.795729220063152884335604005778
79 0.795617745623855299726388612671
80 0.798009974696707760068174318856
81 0.798051763023851700484615403959
82 0.799541520116696457707666354192
83 0.800181625300250892218634937018
84 0.798936227900518380252281480907
85 0.798397058785871868483596244526
86 0.800243223515082061049314749104
87 0.801506327351666768712585669947
88 0.802115986789931065752615064215
89 0.801698967981872706127622169563
90 0.803399764204909570662687404503
91 0.802836645773774975836803869788
92 0.802717483367222385133206820440
93 0.803735749612069643735958441786
94 0.803962299147896513148584475800
95 0.803902733343150651673077653467
96 0.804851508650084192038746076317
97 0.806204126100330452643869270795
98 0.806391635762240157928952557906
99 0.806413974212951661023788085345
100 0.805435800316324240655906711002
101 0.806935251341079709983770362312
102 0.807481379903009845379145849137
103 0.807411719600508113363656855723
104 0.807892565633920838683393309335
105 0.808308613563586414273192155503
106 0.809571011348573274486374373642
107 0.809421045642221947166082852160
108 0.809688864802184175416732095047
109 0.809137865913420110860707345792
110 0.809985251705645576319263094586
111 0.810336757486760989742062085648
112 0.810863715546345010852481163947
113 0.812060990831456960865474891811
114 0.811557339027780396116835300258
115 0.811068357775905267710258729808
116 0.811671524235827464215890621977
117 0.812699271103891561337434099728
118 0.812856723748437730008993979525
119 0.813422377976015146000462189455
120 0.814050156991656950619837073006
121 0.813202922222809360571621315829
122 0.814049705532320766275009147911
123 0.813886083856561074519230577357
124 0.815088499412374317467757955800
125 0.814574776427426255285819523243
126 0.814327327452660316159195826154
127 0.815454502519632956235364980018
128 0.817029952944355747983081852471
129 0.816993141692845770256229545721
130 0.817052116340756821673094140097
131 0.816808545519697399078962483577
132 0.817199083059778363748520520064
133 0.817513926837211508655094775155
134 0.817914964930831209471387820116
135 0.818173209168711412119795832049
136 0.818364507141676391295693529667
137 0.818592963882553970501037351835
138 0.817944858586645420115108228220
139 0.818472626822698803894184609738
140 0.819282524045203884327075395109
141 0.819845402990934685124459529603
142 0.818671038308406889823683746677
143 0.819352165429981499130578913351
144 0.820074715940104839309573963680
145 0.820577120896830616137780975945
146 0.820570015301515016075605544056
147 0.821537873573091519915128960209
148 0.821812777356270271276156537527
149 0.821461297342966009950663284557
150 0.821881547240550007044419365898
151 0.820818825562002180696016875283
152 0.822048747644151950090056511379
153 0.822355623410759610580610230757
154 0.822582096669860953676738027665
155 0.822698660078310314870152697982
156 0.822464269669855982989629959511
157 0.823324715691572586409080253724
158 0.823072981792749040987495660881
159 0.823498768101997255245259196200
160 0.823367023344441845038773595262
161 0.823804593356275344327804294469
162 0.823560387428828602281639198039
163 0.824110550196286786319074508822
164 0.823513248647505491377682459088
165 0.824510826689580551214706600160
166 0.825770037201179558050803113147
167 0.824806472039454862062039958144
168 0.824559074396884892278086727805
169 0.824959358977206684356034246061
170 0.826079619329689138416713718787
171 0.826895866368821833838007015883
172 0.826198033597597253345365593774
173 0.826830327440734033800186497142
174 0.825823588231125512207501389389
175 0.826838893786965544530556103858
176 0.827517732261398255789851392891
177 0.827450501728937396874677409346
178 0.826701477341280487665777788358
179 0.827331302110192501365139771391
180 0.827447255165629245644591576809
181 0.828123281391718761086352713985
182 0.826972227191273073339028483907
183 0.827758300411798413077933424170
184 0.827861220183891244378733931275
185 0.828308279486536825140739066906
186 0.828682670104533838584845283704
187 0.828849529798024835506318611535
188 0.828388230771416842251027045512
189 0.828799707086367772387825682301
190 0.829322861379383492178611702940
191 0.830196880531332601368732749326
192 0.829194242705731928395348988502
193 0.828806475342379413847781311413
194 0.829717170366860443395288810491
195 0.830262443488842859127102565167
196 0.831177839596774947936965633074
197 0.830176765158586739357789769807
198 0.830615548764354685226473842243
199 0.830948145681564633029240015497
200 0.831485626574115267020800236543
201 0.831158499512559808649723826729
202 0.831109482443252968027515539930
203 0.830681900661845741739223523131
204 0.830710606655940031278976338882
205 0.831436042284862172941551195288
206 0.832575800084247370542963437853
207 0.832648438769704758167987422471
208 0.831385403417982884263673304817
209 0.832293943960426933079077645794
210 0.832437620124595846304169808158
211 0.832150785012579062650441916379
212 0.832345096420104547746984143738
213 0.832342730866883488091268392940
214 0.833267377487809008197792308431
215 0.833007122051903169777444363582
216 0.833110558306277996197055944618
217 0.832973039732805347079092980950
218 0.832974148876196616714486172370
219 0.833441208271974850459970067015
220 0.833373395635200173926468484571
221 0.833984138281614063037821147121
222 0.834147060392931716696784398563
223 0.833701452335540402188109762827
224 0.833544403775798229954912291589
225 0.833813155065726300714165211649
226 0.834154014989599828806628465758
227 0.835332880511931862747670236432
228 0.834286717908552538796294590724
229 0.834623553657383629277582698997
230 0.834905743504081653653649381269
231 0.835062442724222028998815854203
232 0.835104206068493131115663036133
233 0.835788295705684405839004978935
234 0.835895857353228014279021843826
235 0.835614698179789074241235307004
236 0.835980172382326452891683315865
237 0.836086111170115504965164509592
238 0.836132615298075787511884163724
239 0.835594155811079745076292029959
240 0.835621004980658392943896675977
241 0.835496923935939446828839892943
242 0.836121682288207395397915675939
243 0.836221916158600927732212025546
244 0.836717077290580847403037613294
245 0.836424195129477122011092804902
246 0.836267885352791821884689240165
247 0.836805308420142692123812633870
248 0.836405516411483543029252420367
249 0.836933680348609072899201405156
250 0.836739463953839159868712619753
251 0.836857299616542061834936558081
252 0.836871284072452125417831976742
253 0.836866781673469892244608348573
254 0.836589986593448285206078023226
255 0.837184482177806744180303994252
256 0.837874142044614021854753689838
257 0.837851934929548376858189475355
258 0.837848330867287409541046123034
259 0.838208924495503054835370988236
260 0.837912764246184713597193954609
261 0.838373563927015784775816788818
262 0.838631707224962828833393271446
263 0.838734917059021884018270376137
264 0.839380666957305068562072617112
265 0.838749865061492569972426379524
266 0.838507682968463287221372251085
267 0.838999154129281163037782252058
268 0.838706167435457434594633827196
269 0.839776056778986375570318017512
270 0.839528449976898881230787855877
271 0.838832967756145319872325957429
272 0.839296925650241616394721951588
273 0.839081116904870774082036045281
274 0.839788143166421763584539505442
275 0.840546200210349052191058536760
276 0.840123604845244509167144250509
277 0.840219059177334062133934498929
278 0.839603308165187843799940688910
279 0.839661113416673094556304410901
280 0.840156592003833585987130263705
281 0.840603505113541033263075151808
282 0.840980768726725053518308529013
283 0.840807372057279626983056821831
284 0.839957814384691199405636687040
285 0.840220851193001615276155651148
286 0.840837798652647837567144618249
287 0.840493575969427208571607532259
288 0.840826300756040728385829407681
289 0.841833953975872739950658882158
290 0.841478175671708764684510043053
291 0.841251972932149065779801481944
292 0.842161542284540566144179484364
293 0.841889843879218790738728499509
294 0.841748799534153250978933050272
295 0.842263928960478429408655584434
296 0.841851530152114815297737840543
297 0.841662682198278796566906154171
298 0.842240785846069285596394509203
299 0.841458452895984933700402636277
