10
9
3,2
6,5,2
5
8,4
6,4
9
6,4
5,4
13,1
5,1
14
9
6,2
6,2
6,3,2
14
8
8
6
11,2
7
8
14
7
8,3,3
9,3,1
5,2
14
11
5,2
5,4,2,2,1
9,3
7
6,3,1
5
12
4,2
4,4
6
6
8,4
5,2
13
9
11,3
5
3,2,2
11,2
13
11
5,5
10
6,3
12
2,2,2,2
4,1
6
14
10,2,2
9
9
8,2
6
6,4
6,5
5,2,1
5
5,2
10,3
7,1
5
10
6,5
10
7,2,1
6,6
12
5,4
14
8
7,7
6,1
8,1
9
3,2
13
4,3,1
4,3
10
10,3
8,3
6
14
9,3,1
14
7
14
4,1
5
6,2
12
7,5
6
5,3,2
5
5,3
13
10
5
5,5
5
8
5,3
9,2
8
9,5
9
4,4
14
13
6
11
12
13
9
5,4
8,5,1
14
6
8
7,2
9
8
5,2
5
14
8
5
12
4,4,2
12,2
8,6
13,1
5
9
11
10
12
9,3
10,4
10,4
6
6,4
5,2,2
5
6,4
3,2,1
12
5,1
9
11
11
9
5
4,3
10
8
5,4
9,5
10
7,4
7
14
8
8,5
11
12,1,1
7,2,2,1
3,2
4,1
9
4,3,2
6
5
12
3,2
7
5,3
7,6
5,4
14
4,4
6,6
12
10
5,5
13
5
5
8
5
7
14
7
7
8,5
13
6
14
6,4
12
11,1
6
5
5
7,2
6
12
13
6
6
14
7
3,2
9
13
6
11
9
7,4
12
5
13
8,5,1
9,4
8,1
12
11
10
5
5
3,3,2
7
7,6,1
13
9,2
14
7
5
7,5
8
12
6,6
5
9,5
4,3,2
7,2
9,2,2,1
5
8,1
6,4
5
6,3
13
9,3
8
8,5
6,1
12,1
8,1
9
8
10
11
5
13
8,6
7
9
8,2
5
5
12
9
8
11,3
8
10,2
9
7
11
10
10,3
8
6
5
11
11,2
7,2
10
9
9,1
8
5,4,2
5
10
7
9,4
4,3
6
8
6
8,4
11
6,6,1,1
8
10,4
9,3
4,3
5
6,4,1
7
8,4,2
6
8
8,3
12
9
13
9
11
6,1
4,3,1
11
8,5
7,3,3
12
5,2
11
7,2
8,3,1
11
8
10
12
5
5
5
7,1
11,1
10
5
13
7,7
13
4,1
7
5,5,2,1,1
8,5
5
10
8,1
6,4
7
5,2
12,1
14
12
3,2,2,1
7,7
5,1
13
8
6
5
7,2
6
11
5,4
6
9
6
4,2
6
8
8,6
7
8,5
9,4
11,2
9
8,4,1,1
6
5
3,3
9
6,2,1
5
8
8
13
5
11
9
11
7
9
9
12
5,4
9
6
5
7,2,2
7,3
8
5,4,1
7,6
8,4
4,3,2
12
8,3,2
13
11,3
14
10
5
5
4,4,2
5
10,4
5,3
8,1
7,4,1
10,1
9,1
5
11
10
4,3
6
8,1
6,4,1,1
12
11,2
6
10
3,3
11
13
12
14
6
4,3
9,4
13
5,2
6
13
6
12
10
10
9
9
13
11,1
6
4,3,2
9
10,2
6,4,1
13
9,1
7
6,3
5
6
8
6,4,2,1
5,5,3,1
7
13
8
13
6
6,3,1
6,5
7
6
9,5
9
9,2,1
8
9,3
7,5
3,2
8,4
14
7,4
12
12,2
7
12
7,1
6
5
9
3,3