1 0
2 0
3 0
4 0
5 0
6 0
7 0
8 1
9 1
10 0
11 0
12 0
13 0
14 0
15 0
16 0
17 0
18 0
19 0
20 1
21 2
22 0
23 0
24 2
25 1
26 2
27 0
28 2
29 4
30 0
31 0
32 1
33 0
34 2
35 2
36 3
37 0
38 3
39 2
40 4
41 3
42 3
43 2
44 1
45 6
46 2
47 4
48 1
49 6
50 3
51 5
52 2
53 6
54 6
55 6
56 2
57 7
58 5
59 3
60 3
61 0
62 2
63 5
64 6
65 7
66 4
67 5
68 5
69 6
70 4
71 3
72 3
73 4
74 3
75 5
76 5
77 6
78 4
79 6
80 6
81 6
82 4
83 8
84 6
85 6
86 7
87 8
88 5
89 4
90 4
91 0
92 7
93 7
94 10
95 9
96 12
97 5
98 8
99 9
100 10
101 7
102 6
103 8
104 8
105 6
106 6
107 5
108 5
109 6
110 8
111 9
112 8
113 11
114 9
115 12
116 10
117 12
118 11
119 10
120 10
121 6
122 7
123 8
124 3
125 8
126 7
127 7
128 13
129 7
130 10
131 12
132 11
133 8
134 14
135 11
136 12
137 8
138 8
139 10
140 12
141 13
142 8
143 11
144 10
145 9
146 9
147 8
148 10
149 12
150 10
151 12
152 11
153 7
154 10
155 13
156 12
157 13
158 10
159 12
160 11
161 9
162 11
163 9
164 8
165 11
166 7
167 15
168 12
169 10
170 13
171 11
172 11
173 9
174 9
175 10
176 10
177 13
178 11
179 17
180 12
181 11
182 12
183 13
184 8
185 10
186 9
187 11
188 7
189 14
190 7
191 12
192 9
193 12
194 15
195 15
196 12
197 11
198 14
199 6
200 11
201 14
202 12
203 11
204 17
205 18
206 8
207 20
208 11
209 13
210 16
211 13
212 14
213 17
214 14
215 14
216 13
217 15
218 16
219 16
220 17
221 16
222 18
223 16
224 18
225 19
226 11
227 17
228 10
229 17
230 13
231 12
232 12
233 15
234 13
235 12
236 10
237 8
238 14
239 17
240 17
241 12
242 14
243 23
244 12
245 13
246 14
247 17
248 19
249 18
250 16
251 21
252 22
254 18
255 13
256 14
257 18
258 20
259 19
260 14
261 14
262 16
263 14
264 15
265 18
266 17
267 26
268 13
269 20
270 21
271 20
272 20
273 21
274 18
275 19
276 19
277 21
278 18
279 21
280 13
281 16
282 15
283 18
284 22
285 20
286 18
287 16
288 19
289 21
290 21
291 25
292 24
293 15
294 18
295 24
296 18
297 18
298 20
299 19
300 24
301 24
302 21
303 22
304 17
305 21
306 22
307 18
308 18
309 19
310 19
311 17
312 17
313 19
314 21
315 18
316 21
317 23
318 23
319 24
320 15
321 21
322 20
323 18
324 19
325 18
326 23
327 24
328 24
329 25
330 22
331 24
332 20
333 19
334 20
335 18
336 22
337 22
338 23
339 21
340 17
341 17
342 13
343 12
344 17
345 18
346 16
347 21
348 23
349 24
350 19
351 18
352 18
353 22
354 19
355 19
356 22
357 21
358 23
359 16
360 17
361 24
362 16
363 15
364 17
365 17
366 20
367 18
368 20
369 22
370 19
371 7
372 15
373 22
374 20
375 19
376 20
377 17
378 14
379 19
380 23
381 22
382 31
383 22
384 19
385 23
386 22
387 26
388 25
389 17
390 19
391 26
392 19
393 19
394 25
395 21
396 20
397 20
398 22
399 24
400 25
401 24
402 27
403 12
404 13
405 17
406 19
407 12
408 19
409 28
410 10
411 18
412 24
413 29
414 17
415 21
416 16
417 22
418 31
419 21
420 25
421 24
422 17
423 23
424 25
425 23
426 22
427 21
428 22
429 23
430 19
431 20
432 17
433 24
434 25
435 21
436 21
437 18
438 17
439 20
440 23
441 21
442 25
443 21
444 19
445 19
446 27
447 19
448 22
449 15
450 20
451 18
452 19
453 18
454 22
455 15
456 19
457 21
458 22
459 29
460 21
461 22
462 18
463 21
464 20
465 30
466 25
467 27
468 21
469 17
470 18
471 18
472 18
473 25
474 23
475 23
476 17
477 20
478 22
479 25
480 20
481 12
482 16
483 23
484 24
485 20
486 20
487 25
488 22
489 15
490 18
491 19
492 20
493 18
494 27
495 22
496 23
497 20
498 32
499 30
500 20
501 21
502 19
503 20
504 20
505 17
506 23
507 24
508 22
509 28
510 24
511 24
512 24
513 11
514 20
515 17
516 18
517 23
518 17
519 19
520 19
521 20
522 24
523 18
524 23
525 30
526 26
527 21
528 17
529 17
530 19
531 10
532 27
533 24
534 21
535 31
536 25
537 25
538 19
539 33
540 24
541 26
542 20
543 29
544 29
545 23
546 28
547 18
548 28
549 22
550 23
551 30
552 21
553 21
554 21
555 20
556 20
557 14
558 28
559 33
560 19
561 18
562 20
563 23
564 19
565 18
566 19
567 25
568 22
569 26
570 13
571 17
572 22
573 15
574 19
575 27
576 17
577 20
578 15
579 20
580 15
581 23
582 20
583 18
584 23
585 25
586 28
587 26
588 26
589 38
590 30
591 32
592 30
593 14
594 26
595 14
596 26
597 26
598 20
599 30
600 26
601 23
602 16
603 20
604 22
605 23
606 19
607 27
608 30
609 24
610 23
611 21
612 16
613 25
614 25
615 29
616 24
617 23
618 25
619 26
620 24
621 26
622 27
623 24
624 29
625 31
626 25
627 19
628 18
629 17
630 27
631 24
632 16
633 14
634 15
635 18
636 20
637 24
638 18
639 25
640 24
641 11
642 14
643 29
644 15
645 18
646 23
647 20
648 22
649 30
650 21
651 13
652 17
653 24
654 29
655 15
656 18
657 19
658 13
659 16
660 21
661 13
662 10
663 10
664 21
665 31
666 29
667 16
668 24
669 25
670 28
671 19
672 16
673 25
674 12
675 16
676 18
677 26
678 23
679 26
680 20
681 23
682 33
683 21
684 15
685 20
686 17
687 12
688 44
689 13
690 21
691 7
692 18
693 10
694 11
695 13
696 21
697 19
698 36
699 28
700 24
701 23
702 27
703 26
704 23
705 24
706 23
707 28
708 18
709 13
710 23
711 18
712 23
713 40
714 354
715 285
716 177
717 30
718 24
719 27
720 27
721 36
722 143
723 94
724 134
725 449
726 72
727 33
728 112
729 34
730 101
731 22
732 48
733 28
734 20
735 30
736 26
737 27
738 25
739 39
740 21
741 23
742 24
743 28
744 23
745 18
746 20
747 23
748 13
749 31
750 28
751 19
752 28
753 39
754 45
755 21
756 23
757 17
758 33
759 12
760 16
761 15
762 26
763 31
764 27
765 124
766 36
767 41
768 44
769 33
770 18
771 20
772 29
773 30
774 30
775 21
776 26
777 19
778 24
779 31
780 28
781 44
782 13
783 36
784 27
785 30
786 36
787 34
788 67
789 81
790 19
791 32
792 23
793 20
794 15
795 25
796 27
797 26
798 25
799 14
800 23
801 26
802 28
803 20
804 29
805 28
806 20
807 184
808 208
809 170
810 161
811 64
812 75
813 119
814 140
815 192
816 134
817 24
818 113
819 99
820 141
821 148
822 146
823 26
824 181
825 114
826 23
827 83
828 30
829 440
830 28
831 173
832 114
833 136
834 25
835 63
836 22
837 26
838 38
839 149
840 29
841 21
842 29
843 29
844 29
845 27
846 36
847 36
848 27
849 23
850 14
851 14
852 12
853 13
854 37
855 32
856 22
857 13
858 13
859 19
860 17
861 23
862 21
863 26
864 27
865 19
866 19
867 33
868 26
869 25
870 210
871 121
872 38
873 30
874 16
875 15
876 17
877 130
878 194
879 66
880 156
881 154
882 126
883 185
884 196
885 69
886 30
887 27
888 19
889 23
890 26
891 22
892 88
893 300
894 21
895 26
896 15
897 20
898 30
899 21
900 310
901 435
902 68
903 51
904 64
905 51
906 31
907 83
908 99
909 63
910 30
911 104
912 63
913 35
914 21
915 83
916 49
917 54
918 51
919 40
920 47
921 35
922 42
923 51
924 36
925 42
926 200
927 124
928 70
929 70
930 122
931 28
932 123
933 48
934 39
935 73
936 48
937 80
938 37
939 44
940 31
941 32
942 32
943 31
944 28
945 29
946 40
947 25
948 35
949 29
950 22
951 28
952 58
953 23
954 39
955 19
956 26
957 45
958 36
959 33
960 55
961 22
962 117
963 158
964 128
965 92
966 50
967 126
968 123
969 287
970 133
971 201
972 117
973 95
974 277
975 164
976 205
977 299
978 50
979 34
980 117
981 363
982 61
983 251
984 112
985 52
986 43
987 283
988 72
989 35
990 129
991 23
992 294
993 19
994 169
995 25
996 21
997 35
998 31
999 21
1000 92
1001 190
1002 311
1003 30
1004 67
1005 48
1006 51
1007 47
1008 46
1009 83
1010 75
1011 241
1012 70
1013 103
1014 173
1015 30
1016 82
1017 143
1018 55
1019 57
1020 60
1021 44
1022 205
1023 12
1024 127
1025 65
1026 47
1027 30
1028 51
1029 47
1030 60
1031 45
1032 47
1033 95
1034 30
1035 114
1036 53
1037 94
1038 45
1039 48
1040 173
1041 122
1042 145
1043 433
1044 82
1045 31
1046 29
1047 35
1048 35
1049 65
1050 32
1051 185
1052 126
1053 58
1054 61
1055 86
1056 65
1057 76
1058 22
1059 169
1060 202
1061 106
1062 188
1063 87
1064 52
1065 145
1066 63
1067 60
1068 83
1069 66
1070 41
1071 83
1072 90
1073 236
1074 306
1075 214
1076 38
1077 36
1078 28
1079 32
1080 28
1081 86
1082 68
1083 137
1084 105
1085 47
1086 31
1087 91
1088 65
1089 72
1090 25
1091 29
1092 28
1093 23
1094 27
1095 33
1096 31
1097 39
1098 29
1099 32
1100 30
1101 37
1102 38
1103 32
1104 22
1105 22
1106 18
1107 33
1108 21
1109 30
1110 21
1111 31
1112 15
1113 28
1114 27
1115 29
1116 33
1117 28
1118 31
1119 27
1120 31
1121 32
1122 33
1123 27
1124 28
1125 30
1126 40
1127 35
1128 31
1129 46
1130 44
1131 31
1132 40
1133 22
1134 29
1135 54
1136 28
1137 33
1138 27
1139 26
1140 17
1141 32
1142 30
1143 38
1144 26
1145 21
1146 28
1147 43
1148 52
1149 35
1150 34
1151 18
1152 30
1153 37
1154 27
1155 25
1156 40
1157 29
1158 14
1159 43
1160 16
1161 28
1162 35
1163 29
1164 37
1165 25
1166 36
1167 27
1168 26
1169 30
1170 40
1171 33
1172 35
1173 38
1174 41
1175 35
1176 31
1177 32
1178 37
1179 31
1180 32
1181 26
1182 40
1183 32
1184 27
1185 33
1186 19
1187 17
1188 23
1189 25
1190 35
1191 24
1192 26
1193 39
1194 26
1195 38
1196 22
1197 24
1198 29
1199 32
1200 36
1201 34
1202 27
1203 21
1204 21
1205 33
1206 33
1207 32
1208 22
1209 30
1210 31
1211 35
1212 37
1213 36
1214 32
1215 15
1216 15
1217 41
1218 55
1219 35
1220 34
1221 34
1222 21
1223 29
1224 34
1225 41
1226 22
1227 32
1228 37
1229 34
1230 37
1231 26
1232 32
1233 20
1234 31
1235 37
1236 18
1237 106
1238 29
1239 28
1240 22
1241 26
1242 23
1243 32
1244 29
1245 38
1246 22
1247 27
1248 28
1249 26
1250 42
1251 30
1252 38
1253 40
1254 25
1255 41
1256 35
1257 33
1258 30
1259 37
1260 28
1261 95
1262 19
1263 31
1264 22
1265 17
1266 24
1267 30
1268 23
1269 21
1270 31
1271 24
1272 32
1273 42
1274 31
1275 34
1276 25
1277 30
1278 19
1279 26
1280 32
1281 26
1282 28
1283 30
1284 35
1285 39
1286 37
1287 43
1288 19
1289 34
1290 27
1291 33
1292 34
1293 28
1294 24
1295 53
1296 39
1297 50
1298 36
1299 29
1300 30
1301 24
1302 29
1303 27
1304 28
1305 33
1306 37
1307 20
1308 36
1309 30
1310 26
1311 32
1312 29
1313 40
1314 35
1315 26
1316 31
1317 37
1318 19
1319 30
1320 15
1321 31
1322 43
1323 42
1324 33
1325 32
1326 24
1327 34
1328 46
1329 37
1330 43
1331 41
1332 45
1333 79
1334 41
1335 41
1336 14
1337 26
1338 38
1339 47
1340 23
1341 32
1342 30
1343 38
1344 34
1345 45
1346 30
1347 36
1348 38
1349 37
1350 37
1351 34
1352 27
1353 37
1354 36
1355 25
1356 39
1357 55
1358 40
1359 28
1360 32
1361 28
1362 40
1363 55
1364 29
1365 40
1366 21
1367 34
1368 30
1369 21
1370 44
1371 29
1372 42
1373 38
1374 15
1375 39
1376 30
1377 39
1378 22
1379 22
1380 49
1381 36
1382 37
1383 28
1384 35
1385 28
1386 41
1387 52
1388 31
1389 32
1390 24
1391 38
1392 41
1393 40
1394 46
1395 34
1396 40
1397 30
1398 23
1399 37
1400 28
1401 32
1402 32
1403 38
1404 28
1405 33
1406 32
1407 27
1408 31
1409 31
1410 18
1411 38
1412 47
1413 20
1414 33
1415 40
1416 28
1417 31
1418 27
1419 28
1420 26
1421 54
1422 35
1423 30
1424 31
1425 33
1426 37
1427 39
1428 39
1429 34
1430 29
1431 53
1432 42
1433 32
1434 30
1435 35
1436 34
1437 37
1438 37
1439 36
1440 30
1441 36
1442 28
1443 48
1444 34
1445 46
1446 31
1447 32
1448 63
1449 41
1450 41
1451 28
1452 37
1453 43
1454 57
1455 41
1456 33
1457 38
1458 26
1459 34
1460 30
1461 36
1462 22
1463 21
1464 15
1465 24
1466 37
1467 32
1468 31
1469 50
1470 31
1471 37
1472 45
1473 37
1474 28
1475 31
1476 28
1477 32
1478 16
1479 32
1480 16
1481 12
1482 24
1483 15
1484 28
1485 37
1486 52
1487 30
1488 27
1489 35
1490 34
1491 29
1492 32
1493 32
1494 32
1495 60
1496 37
1497 31
1498 36
1499 25
1500 44
1501 30
1502 53
1503 54
1504 35
1505 28
1506 30
1507 42
1508 26
1509 35
1510 25
1511 31
1512 36
1513 31
1514 43
1515 34
1516 35
1517 31
1518 38
1519 45
1520 32
1521 42
1522 30
1523 27
1524 28
1525 47
1526 33
1527 44
1528 35
1529 33
1530 41
1531 40
1532 33
1533 27
1534 33
1535 27
1536 34
1537 33
1538 27
1539 32
1540 50
1541 36
1542 36
1543 40
1544 31
1545 34
1546 46
1547 36
1548 36
1549 39
1550 37
1551 37
1552 34
1553 36
1554 33
1555 34
1556 33
1557 43
1558 44
1559 38
1560 38
1561 21
1562 38
1563 37
1564 42
1565 51
1566 38
1567 32
1568 40
1569 51
1570 33
1571 47
1572 25
1573 30
1574 34
1575 27
1576 31
1577 35
1578 31
1579 29
1580 32
1581 43
1582 38
1583 43
1584 41
1585 35
1586 42
1587 38
1588 38
1589 38
1590 36
1591 19
1592 41
1593 49
1594 47
1595 53
1596 44
1597 49
1598 34
1599 32
1600 40
1601 38
1602 44
1603 44
1604 31
1605 48
1606 35
1607 50
1608 33
1609 24
1610 55
1611 32
1612 37
1613 32
1614 48
1615 54
1616 39
1617 36
1618 48
1619 45
1620 20
1621 28
1622 45
1623 40
1624 42
1625 49
1626 45
1627 56
1628 45
1629 46
1630 35
1631 31
1632 36
1633 57
1634 46
1635 33
1636 44
1637 40
1638 52
1639 37
1640 28
1641 34
1642 26
1643 39
1644 30
1645 29
1646 35
1647 34
1648 38
1649 29
1650 40
1651 111
1652 35
1653 41
1654 39
1655 28
1656 33
1657 38
1658 25
1659 43
1660 35
1661 39
1662 26
1663 36
1664 31
1665 40
1666 37
1667 30
1668 31
1669 40
1670 52
1671 51
1672 40
1673 37
1674 34
1675 31
1676 35
1677 37
1678 41
1679 33
1680 26
1681 49
1682 39
1683 39
1684 36
1685 34
1686 43
1687 27
1688 27
1689 34
1690 24
1691 32
1692 36
1693 41
1694 61
1695 31
1696 44
1697 57
1698 43
1699 36
1700 42
1701 36
1702 27
1703 38
1704 41
1705 28
1706 32
1707 34
1708 36
1709 44
1710 37
1711 18
1712 40
1713 39
1714 34
1715 32
1716 25
1717 41
1718 451
1719 87
1720 486
1721 302
1722 158
1723 58
1724 48
1725 37
1726 36
1727 42
1728 35
1729 58
1730 32
1731 37
1732 65
1733 48
1734 48
1735 54
1736 53
1737 38
1738 34
1739 33
1740 47
1741 22
1742 51
1743 37
1744 47
1745 76
1746 28
1747 50
1748 34
1749 44
1750 34
1751 50
1752 46
1753 39
1754 28
1755 37
1756 44
1757 38
1758 37
1759 70
1760 43
1761 51
1762 46
1763 58
1764 22
1765 51
1766 34
1767 37
1768 34
1769 47
1770 23
1771 41
1772 61
1773 62
1774 27
1775 33
1776 41
1777 34
1778 28
1779 30
1780 26
1781 28
1782 26
1783 23
1784 40
1785 35
1786 47
1787 39
1788 46
1789 318
1790 31
1791 41
1792 33
1793 21
1794 44
1795 50
1796 38
1797 39
1798 35
1799 41
1800 45
1801 36
1802 40
1803 48
1804 33
1805 46
1806 42
1807 57
1808 40
1809 39
1810 37
1811 48
1812 60
1813 28
1814 39
1815 30
1816 56
1817 32
1818 34
1819 42
1820 47
1821 47
1822 49
1823 22
1824 38
1825 38
1826 45
1827 44
1828 36
1829 50
1830 35
1831 38
1832 55
1833 52
1834 22
1835 37
1836 52
1837 32
1838 28
1839 42
1840 45
1841 46
1842 35
1843 33
1844 42
1845 35
1846 40
1847 44
1848 42
1849 36
1850 25
1851 37
1852 47
1853 44
1854 56
1855 51
1856 37
1857 57
1858 36
1859 35
1860 39
1861 32
1862 31
1863 61
1864 58
1865 81
1866 218
1867 130
1868 50
1869 205
1870 54
1871 35
1872 28
1873 43
1874 39
1875 38
1876 29
1877 31
1878 24
1879 31
1880 55
1881 28
1882 65
1883 19
1884 47
1885 44
1886 35
1887 42
1888 43
1889 53
1890 80
1891 112
1892 52
1893 34
1894 70
1895 41
1896 41
1897 36
1898 41
1899 37
1900 49
1901 31
1902 41
1903 40
1904 33
1905 36
1906 39
1907 46
1908 34
1909 37
1910 50
1911 32
1912 40
1913 41
1914 29
1915 37
1916 42
1917 35
1918 31
1919 29
1920 29
1921 42
1922 57
1923 48
1924 52
1925 27
1926 39
1927 44
1928 28
1929 30
1930 18
1931 36
1932 36
1933 41
1934 67
1935 28
1936 21
1937 37
1938 51
1939 36
1940 42
1941 45
1942 56
1943 41
1944 56
1945 47
1946 43
1947 42
1948 38
1949 37
1950 28
1951 44
1952 59
1953 46
1954 37
1955 23
1956 41
1957 37
1958 35
1959 46
1960 55
1961 50
1962 37
1963 40
1964 42
1965 48
1966 58
1967 28
1968 38
1969 46
1970 42
1971 47
1972 53
1973 39
1974 38
1975 43
1976 46
1977 46
1978 35
1979 45
1980 38
1981 47
1982 52
1983 61
1984 53
1985 46
1986 50
1987 39
1988 23
1989 41
1990 52
1991 41
1992 42
1993 51
1994 30
1995 36
1996 33
1997 40
1998 32
1999 45
2000 46
2001 31
2002 40
2003 43
2004 46
2005 38
2006 51
2007 57
2008 86
2009 46
2010 54
2011 89
2012 50
2013 51
2014 69
2015 101
2016 72
2017 108
2018 71
2019 47
2020 47
2021 57
2022 50
2023 38
2024 56
2025 40
2026 85
2027 197
2028 263
2029 468
2030 45
2031 57
2032 47
2033 80
2034 45
2035 48
2036 38
2037 34
2038 49
2039 60
2040 37
2041 27
2042 47
2043 32
2044 45
2045 49
2046 53
2047 43
2048 16
2049 34
2050 21
2051 28
2052 31
2053 65
2054 35
2055 51
2056 55
2057 40
2058 43
2059 44
2060 58
2061 53
2062 35
2063 47
2064 40
2065 54
2066 43
2067 37
2068 40
2069 51
2070 58
2071 34
2072 40
2073 32
2074 34
2075 49
2076 56
2077 49
2078 44
2079 45
2080 50
2081 37
2082 55
2083 32
2084 42
2085 47
2086 34
2087 49
2088 57
2089 51
2090 58
2091 51
2092 51
2093 47
2094 39
2095 36
2096 62
2097 64
2098 50
2099 39
2100 56
2101 46
2102 75
2103 40
2104 87
2105 77
2106 56
2107 60
2108 43
2109 43
2110 37
2111 56
2112 57
2113 44
2114 37
2115 31
2116 64
2117 31
2118 40
2119 52
2120 35
2121 73
2122 58
2123 36
2124 28
2125 37
2126 41
2127 42
2128 48
2129 50
2130 61
2131 38
2132 43
2133 41
2134 44
2135 44
2136 62
2137 43
2138 31
2139 43
2140 83
2141 100
2142 38
2143 41
2144 37
2145 38
2146 39
2147 41
2148 39
2149 48
2150 44
2151 40
2152 50
2153 39
2154 30
2155 38
2156 49
2157 68
2158 57
2159 57
2160 78
2161 490
2162 57
2163 67
2164 47
2165 42
2166 53
2167 57
2168 45
2169 62
2170 38
2171 46
2172 77
2173 50
2174 63
2175 65
2176 50
2177 62
2178 38
2179 37
2180 45
2181 55
2182 29
2183 59
2184 61
2185 51
2186 60
2187 62
2188 43
2189 44
2190 52
2191 56
2192 24
2193 27
2194 41
2195 66
2196 45
2197 53
2198 55
2199 19
2200 46
2201 63
2202 49
2203 47
2204 70
2205 60
2206 48
2207 54
2208 73
2209 63
2210 34
2211 39
2212 61
2213 51
2214 49
2215 32
2216 46
2217 30
2218 31
2219 11
2220 45
2221 21
2222 29
2223 50
2224 37
2225 72
2226 90
2227 68
2228 60
2229 55
2230 91
2231 56
2232 75
2233 90
2234 40
2235 67
2236 57
2237 55
2238 87
2239 48
2240 56
2241 82
2242 32
2243 63
2244 56
2245 42
2246 41
2247 61
2248 73
2249 125
2250 64
2251 47
2252 62
2253 47
2254 52
2255 53
2256 67
2257 57
2258 617
2259 42
2260 41
2261 60
2262 168
2263 44
2264 61
2265 80
2266 54
2267 57
2268 77
2269 57
2270 44
2271 60
2272 50
2273 57
2274 60
2275 78
2276 52
2277 41
2278 60
2279 55
2280 64
2281 79
2282 75
2283 54
2284 70
2285 47
2286 36
2287 55
2288 49
2289 30
2290 88
2291 42
2292 64
2293 56
2294 70
2295 515
2296 51
2297 45
2298 72
2299 56
2300 58
2301 34
2302 35
2303 46
2304 35
2305 41
2306 51
2307 35
2308 77
2309 88
2310 57
2311 116
2312 55
2313 42
2314 76
2315 43
2316 93
2317 50
2318 95
2319 69
2320 50
2321 67
2322 47
2323 55
2324 51
2325 63
2326 72
2327 69
2328 50
2329 59
2330 72
2331 51
2332 50
2333 77
2334 205
2335 211
2336 64
2337 41
2338 65
2339 121
2340 61
2341 737
2342 627
2343 87
2344 67
2345 93
2346 84
2347 64
2348 81
2349 76
2350 73
2351 79
2352 50
2353 88
2354 60
2355 94
2356 83
2357 64
2358 63
2359 62
2360 73
2361 67
2362 67
2363 59
2364 65
2365 65
2366 56
2367 64
2368 91
2369 68
2370 96
2371 178
2372 65
2373 64
2374 111
2375 83
2376 71
2377 79
2378 62
2379 54
2380 128
2381 109
2382 79
2383 465
2384 51
2385 72
2386 51
2387 46
2388 63
2389 46
2390 21
2391 31
2392 40
2393 40
2394 30
2395 36
2396 59
2397 27
2398 152
2399 55
2400 423
2401 218
2402 61
2403 52
2404 67
2405 55
2406 78
2407 146
2408 50
2409 46
2410 92
2411 177
2412 68
2413 54
2414 67
2415 56
2416 62
2417 59
2418 79
2419 76
2420 43
2421 49
2422 65
2423 49
2424 48
2425 58
2426 59
2427 51
2428 23
2429 52
2430 37
2431 48
2432 36
2433 57
2434 63
2435 50
2436 56
2437 35
2438 71
2439 69
2440 92
2441 54
2442 50
2443 69
2444 187
2445 55
2446 63
2447 61
2448 53
2449 111
2450 46
2451 54
2452 76
2453 75
2454 45
2455 76
2456 91
2457 38
2458 72
2459 105
2460 79
2461 61
2462 68
2463 72
2464 86
2465 52
2466 91
2467 63
2468 100
2469 85
2470 79
2471 101
2472 44
2473 98
2474 92
2475 96
2476 187
2477 387
2478 843
2479 47
2480 98
2481 84
2482 65
2483 80
2484 59
2485 70
2486 86
2487 154
2488 91
2489 223
2490 389
2491 290
2492 70
2493 66
2494 61
2495 63
2496 64
2497 73
2498 78
2499 190
2500 220
2501 90
2502 191
2503 154
2504 65
2505 77
2506 94
2507 59
2508 60
2509 28
2510 44
2511 48
2512 45
2513 40
2514 38
2515 42
2516 45
2517 68
2518 52
2519 64
2520 68
2521 69
2522 234
2523 122
2524 131
2525 129
2526 139
2527 170
2528 80
2529 63
2530 60
2531 78
2532 52
2533 54
2534 55
2535 60
2536 74
2537 67
2538 60
2539 72
2540 79
2541 48
2542 90
2543 53
2544 67
2545 67
2546 62
2547 90
2548 71
2549 101
2550 72
2551 67
2552 83
2553 86
2554 37
2555 81
2556 46
2557 96
2558 48
2559 59
2560 53
2561 39
2562 75
2563 40
2564 50
2565 38
2566 53
2567 63
2568 44
2569 44
2570 45
2571 35
2572 26
2573 39
2574 40
2575 62
2576 37
2577 40
2578 38
2579 46
2580 67
2581 53
2582 121
2583 101
2584 69
2585 50
2586 213
2587 43
2588 68
2589 69
2590 50
2591 64
2592 47
2593 54
2594 51
2595 28
2596 80
2597 60
2598 39
2599 66
2600 22
2611 52
2623 63
2635 305
2647 131
2653 239
2665 61
2677 103
2689 298
2713 51
2725 62
2737 72
2749 40
2773 43
2779 38
2791 167
2803 70
2815 64
2839 69
2857 56
2869 70
2893 227
2905 42
2917 76
2929 63
2941 86
2965 156
2989 168
3000 71
3001 406
3013 98
3025 79
3037 72
3049 73
3055 138
3067 69
3079 71
3091 123
3103 20
3115 82
3121 102
3145 48
3169 83
3181 67
3193 986
3205 182
3217 159
3241 27
3253 62
3259 157
3283 151
3295 92
3307 44
3319 72
3331 80
3343 82
3355 50
3367 38
3403 837
3415 68
3427 84
3439 192
3463 54
3481 76
3493 67
3505 40
3511 163
3535 66
3547 102
3559 330
3571 119
3595 1910
3607 65
3619 99
3631 413
3643 219
3655 208
3667 145
3679 57
3691 83
3697 160
3721 70
3745 598
3757 149
3781 101
3793 1346
3805 86
3817 49
3829 38
3853 320
3865 65
3877 37
3889 73
3901 52
3919 63
3931 113
3943 38
3949 108
3973 138
3985 1141
4000 72
4009 284
4021 53
4033 186
4045 48
4057 63
4069 43
4081 65
4093 1572
4105 116
4117 241
4141 71
4153 150
4177 63
4189 516
4195 191
4219 336
4231 150
4243 110
4255 100
4267 217
4303 204
4315 126
4339 185
4345 78
4357 155
4381 218
4405 58
4417 559
4429 261
4447 60
4459 87
4471 1637
4483 89
4495 179
5000 109
