1 0
2 0
3 0
4 0
5 0
6 0
7 1
8 0
9 0
10 0
11 2
12 0
13 1
14 1
15 0
16 0
17 1
18 0
19 2
20 0
21 2
22 1
23 0
24 0
25 0
26 2
27 0
28 1
29 1
30 0
31 4
32 3
33 1
34 0
35 0
36 0
37 0
38 0
39 0
40 2
41 1
42 0
43 1
44 4
45 3
46 1
47 3
48 2
49 1
50 1
51 3
52 0
53 4
54 2
55 2
56 0
57 3
58 2
59 4
60 3
61 1
62 2
63 1
64 2
65 2
66 2
67 2
68 3
69 1
70 5
71 3
72 1
73 3
74 3
75 2
76 1
77 0
78 1
79 2
80 0
81 3
82 4
83 2
84 2
85 4
86 2
87 0
88 5
89 5
90 1
91 2
92 0
93 1
94 2
95 4
96 4
97 2
98 2
99 0
100 7
101 6
102 4
103 3
104 4
105 1
106 2
107 9
108 5
109 3
110 1
111 3
112 1
113 1
114 1
115 5
116 4
117 2
118 2
119 2
120 0
121 9
122 5
123 6
124 7
125 4
126 3
127 2
128 0
129 4
130 7
131 2
132 1
133 5
134 3
135 8
136 2
137 0
138 6
139 5
140 5
141 4
142 2
143 0
144 7
145 9
146 5
147 7
148 2
149 3
150 1
151 8
152 2
153 7
154 1
155 4
156 7
157 8
158 6
159 5
160 4
161 0
162 6
163 5
164 3
165 4
166 4
167 1
168 1
169 5
170 11
171 6
172 21
173 6
174 6
175 7
176 2
177 5
178 5
179 1
180 0
181 1
182 7
183 7
184 5
185 3
186 4
187 3
188 0
189 7
190 6
191 6
192 4
193 10
194 2
195 1
196 7
197 6
198 6
199 7
200 8
201 4
202 2
203 2
204 4
205 6
206 5
207 4
208 0
209 7
210 6
211 6
212 4
213 3
214 2
215 5
216 56
217 2
218 7
219 10
220 11
221 7
222 4
223 9
224 4
225 5
226 4
227 8
228 6
229 29
230 4
231 8
232 6
233 5
234 6
235 1
236 4
237 2
238 0
239 7
240 8
241 5
242 10
243 13
244 9
245 5
246 14
247 0
248 10
249 10
250 10
251 6
252 10
253 5
254 3
255 3
256 8
257 12
258 2
259 21
260 28
261 2
262 5
263 7
264 6
265 7
266 8
267 4
268 4
269 4
270 1
271 9
272 13
273 12
274 7
275 7
276 14
277 6
278 106
279 3
280 2
281 1
282 14
283 15
284 5
285 6
286 6
287 115
288 5
289 4
290 42
291 7
292 7
293 7
294 21
295 2
296 13
297 14
298 9
299 6
300 5
301 48
302 2
303 29
304 0
305 12
306 8
307 11
308 13
309 7
310 10
311 7
312 2
313 30
314 4
315 3
316 7
317 8
318 17
319 15
320 9
321 32
322 3
323 3
324 17
325 6
326 4
327 5
328 2
329 23
330 0
331 11
332 8
333 7
334 7
335 6
336 6
337 3
338 7
339 2
340 0
341 9
342 12
343 9
344 11
345 9
346 8
347 9
348 7
349 9
350 6
351 7
352 6
353 11
354 5
355 22
356 68
357 3
358 6
359 3
360 11
361 24
362 8
363 7
364 28
365 4
366 3
367 5
368 2
369 10
370 10
371 8
372 7
373 6
374 10
375 8
376 13
377 5
378 1
379 13
380 15
381 10
382 14
383 9
384 9
385 7
386 6
387 4
388 8
389 11
390 8
391 14
392 6
393 10
394 3
395 12
396 2
397 7
398 3
399 13
400 13
401 1
402 5
403 6
404 4
405 22
406 13
407 0
408 8
409 9
410 7
411 8
412 8
413 5
414 10
415 17
416 6
417 6
418 4
419 13
420 19
421 14
422 18
423 14
424 9
425 11
426 10
427 10
428 21
429 12
430 28
431 12
432 9
433 8
434 15
435 36
436 21
437 0
438 7
439 8
440 8
441 8
442 11
443 8
444 5
445 46
446 97
447 6
448 89
449 0
450 10
451 12
452 10
453 18
454 19
455 14
456 12
457 8
458 13
459 81
460 14
461 7
462 9
463 8
464 23
465 9
466 8
467 18
468 9
469 77
470 5
471 20
472 6
473 10
474 15
475 11
476 8
477 5
478 90
479 2
480 75
481 9
482 9
483 9
484 11
485 7
486 5
487 15
488 7
489 13
490 12
491 100
492 4
493 0
494 15
495 23
496 21
497 13
498 24
499 20
500 16
501 118
502 28
503 141
504 3
505 37
506 24
507 164
508 7
509 19
510 7
511 14
512 7
513 59
514 11
515 18
516 7
517 131
518 7
519 103
520 119
521 19
522 5
523 105
524 47
525 1
526 156
527 8
528 12
529 9
530 19
531 9
532 7
533 11
534 11
535 7
536 159
537 10
538 1
539 0
540 137
541 173
542 47
543 56
544 46
545 16
546 300
547 368
548 11
549 188
550 4
551 294
552 198
553 13
554 40
555 4
556 11
557 2
558 5
559 1
560 50
561 6
562 6
563 10
564 17
565 186
566 107
567 26
568 92
569 8
570 181
571 14
572 1
573 19
574 33
575 53
576 15
577 10
578 13
579 22
580 7
581 15
582 328
583 359
584 193
585 3
586 1
587 297
588 43
589 20
590 34
591 66
592 11
593 29
594 346
595 498
596 184
597 11
598 7
599 9
600 349
601 10
602 20
603 9
604 55
605 257
606 199
607 14
608 3
609 44
610 8
611 135
612 31
613 13
614 11
615 416
616 7
617 7
618 504
619 418
620 397
621 0
622 14
623 95
624 102
625 24
626 12
627 498
628 5
629 11
630 39
631 13
632 73
633 76
634 198
635 416
636 13
637 75
638 26
639 11
640 19
641 50
642 7
643 164
644 531
645 471
646 12
647 9
648 10
649 231
650 10
651 17
652 8
653 9
654 51
655 13
656 182
657 54
658 0
659 31
660 7
661 195
662 259
663 8
664 26
665 9
666 17
667 56
668 17
669 16
670 16
671 1
672 1
673 36
674 52
675 151
676 126
677 117
678 12
679 11
680 18
681 229
682 441
683 497
684 285
685 27
686 260
687 69
688 11
689 8
690 90
691 8
692 15
693 10
694 9
695 0
696 414
697 14
698 57
699 9
700 158
701 72
702 257
703 410
704 441
705 311
706 275
707 243
708 356
709 25
710 38
711 141
712 162
713 382
714 421
715 9
716 9
717 10
718 145
719 230
720 5
721 132
722 113
723 274
724 237
725 3
726 15
727 17
728 32
729 112
730 29
731 155
732 151
733 14
734 17
735 231
736 528
737 203
738 170
739 175
740 355
741 15
742 154
743 101
744 130
745 6
746 320
747 122
748 19
749 12
750 1
751 82
752 16
753 49
754 82
755 10
756 143
757 10
758 323
759 128
760 35
761 18
762 27
763 16
764 7
765 1
766 16
767 17
768 11
769 32
770 8
771 11
772 9
773 10
774 7
775 18
776 18
777 13
778 272
779 219
780 3
781 22
782 12
783 53
784 44
785 13
791 410
792 613
793 11
794 7
795 35
796 5
797 9
798 10
799 9
800 83
801 117
802 78
803 29
804 128
805 309
806 23
807 9
808 39
809 194
810 106
811 45
812 193
813 289
814 103
815 395
816 718
817 142
818 695
819 485
820 691
821 767
822 2
823 9
824 12
825 84
826 20
827 125
828 13
829 11
830 34
831 33
832 7
833 200
834 561
835 329
836 163
837 3
840 43
842 154
843 127
844 74
845 65
846 512
847 460
848 648
849 4
850 97
851 94
852 226
853 205
854 167
855 200
856 57
857 149
858 100
859 93
860 126
861 151
862 388
863 140
864 1
869 270
870 64
871 76
872 5
873 20
874 125
875 85
876 397
877 483
880 4
881 2
882 40
883 12
884 22
885 94
886 47
887 37
888 12
889 162
890 27
891 797
892 321
893 680
894 193
895 338
896 3
901 73
902 125
906 508
907 379
908 206
909 41
912 42
918 49
919 41
920 94
924 2
928 49
929 41
930 26
931 21
935 35
936 14
940 37
941 2
942 3
943 37
944 46
945 42
946 47
947 21
948 28
949 49
950 31
951 40
952 0
953 32
954 77
955 88
956 59
957 478
958 14
959 59
960 84
961 25
962 109
963 15
964 151
965 242
966 77
967 19
968 19
969 619
970 527
971 25
972 63
973 112
974 24
975 41
976 42
977 6
978 425
979 410
980 288
981 105
982 113
983 157
984 41
985 74
986 0
990 0
991 29
992 0
998 2
999 0
1003 3
1008 0
1015 552
1020 214
1026 93
1027 93
1033 278
1034 742
1036 10
1037 304
1044 25
1049 2
1050 0
1054 18
1055 88
1056 52
1062 10
1063 403
1071 62
1073 283
1080 886
1088 421
1092 8
1093 111
1098 0
1099 778
1102 116
1105 30
1110 11
1116 400
1121 130
1122 118
1129 536
1130 574
1134 281
1140 33
1147 491
1151 307
1152 612
1159 39
1160 69
1166 2
1167 10
1170 153
1178 51
1188 108
1190 30
1191 58
1197 757
1198 3
1206 296
1209 130
1216 214
1220 194
1221 728
1224 477
1229 521
1230 62
1235 0
1236 45
1240 25
1242 29
1248 373
1254 199
1260 41
1261 143
1268 240
1269 687
1271 89
1273 722
1280 27
1287 251
1292 31
1293 1257
1300 1266
1301 1030
1307 2
1308 1
1311 114
1312 0
1320 350
1330 1330
1333 90
1334 30
1340 490
1341 1062
1344 81
1349 1313
1353 122
1360 151
1365 208
1366 247
1368 1368
1374 1208
1375 1272
1380 1249
1386 68
1387 1350
1394 203
1398 0
1400 626
1406 1406
1407 64
1408 611
1415 168
1416 259
1419 69
1420 536
1428 133
1435 1
1440 1018
1441 12
1442 39
1449 500
1450 893
1460 136
1462 28
1470 295
1474 65
1475 32
1480 1480
1484 60
1485 0
1491 403
1492 873
1496 72
1500 1462
1505 1023
1512 0
1518 129
1519 0
1520 1520
1527 49
1528 0
1530 40
1533 975
1540 72
1548 839
1553 0
1554 448
1560 1560
1562 102
1563 124
1570 161
1571 276
1575 67
1584 462
1591 3
1596 91
1598 47
1599 305
1606 0
1607 0
1610 0
1617 0
1620 0
1628 0
1633 0
1634 0
1638 0
1643 0
1644 0
1650 0
1651 0
1656 0
1659 0
1665 0
1669 0
1672 0
1679 0
1680 0
1688 0
1689 0
1692 0
1694 0
1701 0
1702 0
1710 0
1716 0
1717 0
1722 0
1725 0
1726 0
1733 0
1734 0
1738 0
1739 0
1748 0
1752 0
1753 0
1760 0
1763 0
1764 0
1771 0
1772 0
1776 0
1782 0
1786 0
1794 0
1800 0
1801 0
1804 0
1810 0
1811 0
1813 0
1817 3
1818 1
1824 0
1826 0
1833 0
1838 0
1839 0
1840 0
1848 0
1849 0
1857 0
1858 0
1862 0
1863 0
1870 0
1872 0
1880 0
1886 0
1887 0
1888 0
1892 0
1896 0
1897 0
1900 0
1905 0
1909 0
1911 0
1920 0
1925 0
1926 0
1932 0
1936 0
1937 0
1944 0
1945 0
1950 0
1955 0
1960 0
1964 0
1968 0
1975 0
1976 0
1978 0
1985 0
1986 0
1989 0
1992 0
2000 0
2001 0
2009 0
2015 0
2016 0
2024 0
2025 0
2026 442
2034 0
2035 0
2040 0
2047 0
2050 0
2054 0
2058 0
2064 0
2066 0
2067 0
2070 0
2075 0
2076 1459
2080 0
2088 0
2091 0
2100 0
2106 0
2107 374
2112 0
2117 0
2118 0
2120 0
2125 0
2126 1
2132 0
2136 0
2142 0
2147 0
2148 0
2150 0
2158 0
2159 826
2160 0
2168 0
2169 0
2173 0
2175 0
2184 0
2193 0
2200 0
2201 0
2208 0
2210 0
2211 0
2214 0
2219 0
2220 0
2225 0
2226 0
2232 0
2236 0
2241 0
2242 0
2250 0
2253 0
2254 0
2256 0
2262 0
2263 0
2268 0
2275 0
2279 0
2283 0
2288 0
2295 0
2296 0
2300 0
2306 0
2307 0
2310 0
2314 0
2315 0
2322 0
2325 0
2332 0
2338 0
2339 0
2340 0
2349 0
2350 0
2359 0
2360 0
2365 0
2366 0
2375 0
2376 0
2380 0
2381 0
2385 0
2392 0
2393 0
2394 0
2400 0
2403 0
2404 0
2408 0
2412 0
2413 0
2418 0
2420 0
2425 0
2430 0
2436 0
2437 0
2444 0
2448 0
2449 0
2450 0
2457 0
2458 0
2464 0
2470 0
2475 0
2480 0
2481 0
2484 0
2492 0
2493 0
2496 0
2503 0
2504 0
2508 0
2511 7
2512 1
2520 0
2522 0
2530 0
2537 0
2538 0
2548 0
2549 0
2552 0
2558 0
2559 0
2565 0
2574 0
2576 0
2581 0
2582 0
2585 0
2592 0
2594 0
2595 0
2600 0
2604 0
2605 0
2610 0
2614 1
2619 0
2622 0
2626 0
2632 0
2639 0
2640 0
2646 0
2651 0
2652 0
2655 0
2660 0
2661 0
2668 0
2673 0
2679 0
2685 0
2686 0
2688 0
2697 0
2698 0
2700 0
2708 0
2709 0
2714 0
2716 0
2718 0
2726 0
2727 0
2730 0
2731 0
2736 0
2744 0
2745 0
2754 0
2755 0
2756 0
2760 0
2765 0
2766 0
2772 0
2773 0
2781 0
2784 0
2790 0
2791 0
2792 2
2793 0
2800 0
2803 0
2804 0
2808 0
2813 0
2814 0
2820 0
2828 0
2832 0
2835 0
2837 0
2838 0
2842 0
2850 0
2851 0
2856 0
2862 0
2863 0
2867 0
2871 0
2872 0
2880 0
2884 0
2891 0
2898 0
2899 0
2900 0
2910 0
2911 0
2912 0
2914 0
2921 0
2922 0
2928 0
2929 0
2940 0
2945 0
2946 0
2950 0
2958 0
2959 0
2960 0
2968 0
2970 0
2971 0
2976 0
2980 0
2981 0
2987 0
2989 0
2996 0
3000 0
3007 0
3008 0
3016 0
3020 0
3021 0
3024 0
3030 0
3031 0
3038 0
3045 0
3050 0
3052 0
3056 0
3057 0
3060 0
3069 0
3070 0
3074 0
3080 0
3081 0
3082 0
3087 0
3090 0
3091 0
3100 0
3103 0
3104 0
3105 0
3111 0
3119 0
3120 0
3131 0
3132 0
3136 0
3142 0
3143 0
3150 0
3161 0
3162 0
3168 0
3169 0
3172 0
3180 0
3182 0
3183 0
3190 0
3193 0
3194 0
3200 0
3203 1
3204 0
3210 0
3213 0
3218 0
3219 0
3224 0
3232 0
3233 0
3240 0
3245 0
3246 0
3248 0
3250 0
3255 0
3256 0
3264 0
3270 0
3276 0
3277 0
3283 0
3284 0
3286 0
3296 0
3297 0
3300 0
3306 0
3308 0
3309 0
3315 0
3317 6
3328 0
3330 0
3333 0
3334 0
3339 0
3348 0
3349 0
3360 0
3361 0
3366 0
3371 0
3372 0
3379 0
3380 0
3390 0
3392 0
3399 0
3400 0
3402 0
3410 0
3413 0
3414 0
3417 0
3420 0
3424 0
3425 0
3432 0
3441 0
3445 0
3450 0
3451 0
3452 0
3456 0
3465 0
3466 0
3472 0
3478 0
3479 0
3480 0
3484 0
3488 0
3489 0
3498 0
3502 0
3503 0
3510 0
3518 0
3519 0
3520 1
3531 0
3532 0
3534 0
3536 0
3540 0
3543 0
3544 0
3551 0
3552 0
3564 0
3565 0
3570 0
3571 0
3575 0
3584 0
3585 0
3586 0
3596 0
3597 0
3598 0
3604 0
3608 0
3609 0
3616 0
3618 0
3623 0
3624 0
3627 0
3630 0
3638 0
3639 0
3648 0
3652 0
3653 0
3657 0
3658 0
3663 0
3664 0
3672 0
3680 0
3685 0
3689 0
3692 0
3693 0
3696 0
3706 0
3707 0
3710 0
3712 0
3719 0
3720 0
3726 0
3729 0
3730 0
3740 0
3744 0
3745 0
3746 0
3751 0
3752 0
3761 0
3762 0
3774 0
3775 0
3776 0
3780 0
3782 0
3786 0
3787 0
3795 0
3808 0
3815 0
3816 0
3819 0
3828 0
3830 0
3831 0
3834 0
3840 0
3842 0
3843 0
3850 0
3853 0
3854 0
3861 0
3864 0
3870 0
3871 0
3872 0
3876 0
3885 0
3886 0
3894 0
3899 0
3900 0
3904 0
3905 0
3910 0
3911 0
3920 0
3924 0
3927 0
3933 0
3936 0
3941 0
3942 0
3944 0
3955 0
3956 0
3960 0
3968 0
3969 0
3976 0
3978 0
3979 0
3990 0
3993 0
3996 0
3997 0
4000 0
4002 0
4012 0
4013 0
4025 0
4026 0
4032 0
4037 0
4038 0
4046 0
4047 0
4052 0
4053 0
4059 0
4060 0
4068 0
4069 0
4071 0
4080 0
4083 0
4084 0
4088 0
4092 0
4095 0
4096 0
4104 0
4106 1
4107 0
4114 0
4118 0
4125 0
4126 0
4130 0
4140 0
4141 0
4144 0
4148 0
4154 0
4155 0
4158 0
4161 0
4165 0
4166 0
4176 0
4181 0
4182 0
4189 0
4191 0
4198 0
4199 0
4200 0
4212 0
4213 0
4216 0
4218 0
4224 0
4225 0
4226 0
4234 0
4235 0
4248 0
4250 0
4255 0
4256 0
4257 0
4260 0
4270 0
4271 0
4272 0
4275 0
4284 0
4285 0
4292 0
4296 0
4297 0
4305 0
4307 0
4313 0
4314 0
4318 0
4320 0
4329 0
4330 0
4331 0
4340 0
4344 0
4345 0
4350 0
4352 0
4356 0
4357 0
4366 0
4370 0
4375 0
4380 0
4386 0
4388 0
4389 0
4392 0
4403 0
4404 0
4408 0
4410 0
4417 0
4418 0
4420 0
4425 0
4428 0
4429 0
4440 0
4445 0
4446 0
4447 0
4453 0
4454 0
4463 1
4464 0
4477 0
4478 0
4480 0
4484 0
4488 0
4490 0
4491 0
4500 0
4505 0
4514 0
4515 0
4522 0
4523 0
4526 0
4536 0
4538 0
4539 0
4543 0
4550 0
4551 0
4552 0
4560 0
4563 0
4564 0
4572 0
4575 0
4582 0
4583 0
4585 0
4588 0
4598 0
4599 0
4602 0
4608 0
4613 0
4614 0
4620 0
4625 0
4626 0
4636 0
4641 0
4642 0
4644 0
4650 0
4655 0
4659 0
4660 0
4662 0
4674 0
4675 0
4680 0
4688 0
4689 0
4690 0
4697 0
4699 0
4700 0
4712 0
4716 0
4719 0
4720 0
4725 0
4736 0
4737 0
4740 0
4750 0
4751 0
4752 0
4758 0
4760 0
4763 0
4764 0
4773 0
4774 0
4780 0
4781 0
4788 0
4795 0
4797 0
4798 0
4800 0
4810 0
4813 0
4814 0
4819 0
4824 0
4826 0
4827 0
4836 0
4838 2
4839 0
4840 0
4847 0
4851 0
4859 0
4860 0
4864 0
4875 0
4876 0
4880 0
4884 0
4890 0
4891 0
4896 0
4898 0
4902 0
4903 0
4914 0
4920 0
4921 0
4928 0
4932 0
4938 0
4939 0
4940 0
4953 0
4954 0
4958 0
4960 0
4967 0
4968 0
4977 0
4978 5
4979 0
4982 0
4992 0
4995 0
5000 0
5001 0
5004 0
5005 0
5016 0
5017 0
5018 0
5022 0
5031 0
5032 0
5040 0
5044 0
5045 0
5054 0
5056 0
5063 0
5064 0
5069 0
5070 0
5076 0
5080 0
5081 0
5082 0
5084 0
5092 0
5096 0
5097 0
5103 0
5106 0
5109 0
5110 0
5120 0
5122 0
5125 0
5126 0
5130 0
5135 0
5143 0
5144 0
5145 0
5148 0
5160 0
5161 0
5166 0
5168 0
5175 0
5176 0
5180 0
5184 0
5187 0
5188 0
5200 0
5206 0
5207 0
5208 0
5214 0
5217 0
5225 0
5226 0
5229 0
5240 0
5241 0
5244 0
5248 0
5254 0
5255 0
5265 0
5271 0
5272 0
5280 0
5282 0
5289 0
5290 0
5291 0
5293 0
5304 0
5306 0
5307 0
5312 0
5320 0
5321 0
5328 0
5330 0
5333 0
5334 0
5343 0
5346 0
5354 0
5355 0
5358 0
5360 0
5365 0
5371 0
5372 0
5376 0
5382 0
5387 0
5388 0
5395 0
5396 0
5400 0
5401 0
5412 0
5418 0
5419 0
5421 0
5427 0
5434 0
5437 0
5438 0
5440 0
5453 0
5454 0
5460 0
5468 0
5469 0
5472 0
5478 0
5480 0
5481 0
5483 0
5494 0
5499 0
5502 0
5503 0
5508 0
5510 0
5520 0
5521 0
5525 0
5535 0
5536 0
5538 0
5544 0
5548 0
5549 0
5550 0
5560 0
5561 0
5568 0
5569 0
5576 0
5577 0
5586 0
5587 0
5589 0
5600 0
5603 0
5604 0
5610 0
5616 0
5617 0
5618 0
5624 0
5628 0
5630 0
5631 0
5633 0
5634 0
5640 0
5644 0
5653 0
5654 0
5655 0
5658 0
5662 0
5670 0
5671 0
5676 0
5680 0
5686 0
5687 0
5694 0
5695 0
5699 0
5700 0
5712 0
5719 0
5720 0
5727 0
5733 0
5738 0
5739 0
5740 0
5742 0
5754 0
5755 0
5760 0
5762 0
5769 0
5770 0
5772 0
5780 0
5781 0
5782 0
5786 0
5787 0
5796 0
5800 0
5805 0
5806 0
5810 0
5811 0
5822 0
5823 0
5824 0
5829 0
5838 0
5839 0
5840 0
5848 0
5850 0
5852 0
5853 0
5863 0
5865 0
5873 0
5874 0
5880 0
5889 0
5891 0
5892 0
5893 0
5896 0
5904 0
5908 0
5909 0
5916 0
5920 0
5922 0
5923 0
5928 0
5934 0
5935 0
5936 0
5940 0
5941 0
5945 0
5950 0
5960 0
5961 0
5964 0
5967 0
5977 0
5978 0
5984 0
5986 0
5993 0
5994 0
6000 0
6003 0
6006 0
6007 0
6008 0
6020 0
6027 0
6028 0
6029 0
6035 0
6040 0
6047 0
6048 0
6052 0
6063 0
6064 0
6068 0
6072 0
6078 0
6079 0
6080 0
6090 7
6091 5220
6097 0
6098 0
6106 0
6109 0
6116 0
6117 0
6120 0
6132 0
6134 0
6135 0
6141 0
6149 0
6150 0
6160 0
6163 0
6164 0
6165 0
6166 0
6174 0
6177 0
6186 0
6187 0
6191 0
6192 0
6200 0
6204 0
6205 0
6210 0
6216 0
6221 0
6222 0
6230 0
6232 0
6235 0
6236 0
6240 0
6248 0
6249 0
6255 0
6256 0
6258 0
6264 0
6273 0
6275 0
6276 0
6278 0
6279 0
6280 0
6292 0
6293 0
6300 0
6308 0
6309 0
6314 0
6319 0
6321 0
6322 0
6325 0
6326 0
6336 0
6342 0
6345 0
6346 0
6351 0
6355 0
6364 0
6365 0
6370 0
6380 0
6381 0
6384 0
6390 0
6395 0
6396 0
6407 0
6408 0
6416 0
6417 0
6424 0
6426 0
6435 0
6436 0
6437 0
6438 0
6440 0
6450 0
6453 0
6454 0
6461 0
6468 0
6469 0
6478 0
6480 0
6482 0
6483 0
6486 0
6487 0
6493 0
6497 0
6507 0
6508 0
6510 0
6512 0
6519 0
6525 0
6526 0
6532 0
6536 0
6542 0
6543 0
6552 0
6556 0
6557 0
6560 0
6570 0
6578 0
6579 0
6586 0
6594 0
6598 0
6599 0
6600 0
6601 0
6603 0
6615 0
6616 0
6622 0
6624 0
6631 0
6632 0
6636 0
6643 0
6644 0
6645 0
6650 0
6651 0
6660 0
6665 0
6670 0
6671 0
6675 0
6678 0
6688 0
6689 0
6690 0
6696 0
6705 0
6706 0
6708 0
6716 0
6720 0
6721 0
6722 0
6732 0
6734 0
6743 0
6744 0
6750 0
6751 0
6762 0
6763 0
6764 0
6768 0
6776 0
6780 0
6781 0
6789 0
6794 0
6795 0
6796 0
6804 0
6808 0
6809 0
6810 0
6815 0
6816 0
6820 0
6825 0
6836 0
6837 0
6840 0
6846 0
6854 0
6855 0
6862 0
6864 0
6871 0
6872 0
6880 0
6882 0
6885 0
6886 0
6888 0
6889 0
6900 0
6908 0
6909 0
6910 0
6916 0
6923 0
6929 0
6930 0
6935 0
6946 0
6947 0
6952 0
6956 0
6962 0
6963 0
6966 0
6975 1
6976 0
6983 0
6984 0
6992 0
6996 0
7003 0
7004 0
7007 0
7008 0
7009 0
7020 0
7022 0
7023 0
7030 0
7038 0
7039 0
7040 0
7050 0
7052 0
7053 0
7054 0
7056 0
7057 0
7065 0
7068 0
7078 0
7079 0
7084 0
7095 0
7097 0
7098 0
7104 0
7110 0
7115 0
7116 0
7125 0
7128 0
7130 0
7131 0
7138 0
7144 0
7145 0
7152 0
7153 0
7155 0
7161 0
7172 0
7173 0
7174 0
7176 0
7178 0
7181 0
7191 0
7192 0
7200 0
7208 0
7209 0
7216 0
7220 0
7222 0
7223 0
7224 0
7227 0
7228 0
7238 0
7245 0
7248 0
7249 0
7254 0
7260 0
7267 0
7268 0
7269 0
7275 0
7285 0
7286 0
7290 0
7296 0
7301 0
7302 0
7304 0
7314 0
7315 0
7324 0
7325 0
7332 0
7335 0
7344 0
7345 0
7347 0
7348 0
7350 0
7360 0
7363 0
7364 0
7372 0
7379 0
7380 0
7392 0
7394 0
7395 0
7399 0
7400 0
7406 0
7410 0
7421 0
7422 0
7425 0
7426 0
7436 0
7440 0
7441 0
7448 0
7452 0
7458 0
7459 0
7469 0
7470 0
7473 0
7474 0
7475 0
7476 0
7480 0
7488 0
7497 0
7498 0
7505 0
7515 0
7518 0
7519 0
7520 0
7524 0
7536 0
7537 0
7544 0
7546 0
7553 0
7554 0
7560 0
7566 0
7567 0
7568 0
7574 0
7575 0
7584 0
7590 0
7595 0
7596 0
7600 0
7605 0
7612 0
7614 0
7615 0
7616 0
7623 0
7632 0
7633 0
7636 0
7644 0
7648 0
7649 0
7650 0
7651 0
7661 0
7663 0
7673 0
7674 0
7680 0
7682 0
7693 0
7694 0
7695 0
7700 0
7708 0
7712 0
7713 0
7722 0
7727 0
7728 0
7729 0
7740 0
7742 0
7743 0
7744 0
7750 0
7751 0
7755 0
7760 0
7772 0
7773 0
7774 0
7776 0
7777 0
7785 0
7790 4
7791 0
7792 0
7800 0
7802 0
7809 0
7810 0
7820 0
7821 0
7824 0
7825 0
7828 0
7829 0
7830 0
7840 0
7849 0
7850 0
7851 0
7857 0
7866 0
7871 0
7872 0
7875 0
7878 0
7889 0
7890 0
7896 0
7900 0
7905 0
7906 0
7907 0
7912 0
7920 0
7921 0
7929 0
7930 0
7938 0
7943 0
7950 0
7951 0
7954 0
7956 0
7958 0
7965 0
7968 0
7970 0
7971 0
7979 0
7987 0
7988 0
7990 0
8000 0
8003 0
8004 0
8007 0
8008 0
8016 0
8019 0
8030 0
8031 0
8034 0
8036 0
8037 0
8050 0
8051 0
8058 0
8064 0
8069 0
8070 0
8080 0
8084 0
8085 0
8086 0
8087 0
8096 0
8100 0
8101 0
8109 0
8110 0
8112 0
8118 0
8131 0
8132 0
8134 0
8137 0
8142 0
8150 0
8151 0
8160 0
8168 0
8169 0
8178 0
8181 0
8183 0
8184 0
8188 0
8189 0
8190 0
8200 0
8208 0
8211 0
8212 0
8216 0
8217 0
8225 0
8232 0
8233 0
8234 0
8240 0
8250 0
8251 0
8256 0
8262 0
8267 0
8268 0
8269 0
8272 0
8280 0
8281 0
8282 0
8292 0
8293 0
8300 0
8304 0
8313 0
8314 0
8316 0
8319 0
8320 0
8326 0
8330 0
8333 0
8334 0
8343 0
8348 0
8350 0
8351 0
8352 0
8364 0
8366 0
8367 0
8372 0
8373 0
8379 0
8383 0
8395 0
8396 0
8400 0
8413 0
8415 0
8416 0
8424 0
8428 0
8434 0
8435 0
8446 0
8448 0
8450 0
8451 0
8453 0
8454 0
8460 0
8466 0
8476 0
8477 0
8484 0
8496 0
8498 0
8499 0
8500 0
8505 0
8507 0
8517 0
8518 0
8526 0
8528 0
8533 0
8534 0
8535 0
8536 0
8544 0
8549 0
8550 0
8551 0
8554 0
8558 0
8559 0
8568 0
8575 0
8580 0
8581 0
8585 0
8586 0
8592 0
8600 0
8601 0
8602 0
8610 0
8619 0
8620 0
8624 0
8632 0
8636 0
8637 0
8639 0
8640 0
8648 0
8650 0
8652 0
8663 0
8664 0
8667 0
8670 0
8673 0
8684 0
8685 0
8686 0
8688 0
8692 0
8695 0
8700 0
8704 0
8705 0
8715 0
8721 0
8722 0
8736 0
8737 0
8738 0
8745 0
8746 0
8750 0
8755 0
8768 0
8769 0
8771 0
8772 0
8774 0
8784 0
8787 0
8788 0
8789 0
8798 0
8800 0
8807 0
8808 0
8820 0
8823 0
8824 0
8828 0
8829 0
8832 0
8840 0
8850 0
8851 0
8852 0
8856 0
8858 0
8869 0
8873 0
8874 0
8880 0
8881 0
8892 0
8893 0
8900 0
8904 0
8910 0
8911 0
8918 0
8925 0
8926 0
8928 0
8935 0
8936 0
8944 0
8950 0
8957 0
8958 0
8961 0
8964 0
8967 0
8976 0
8978 0
8979 0
8988 0
8993 0
8996 0
8997 0
9000 0
9010 0
9013 0
9014 0
9016 0
9018 0
9019 0
9024 0
9027 0
9030 0
9042 0
9043 0
9047 0
9048 0
9050 0
9063 0
9064 0
9065 0
9072 0
9078 0
9083 0
9084 0
9095 0
9100 0
9101 0
9102 0
9103 0
9114 0
9116 0
9117 0
9126 0
9127 0
9129 0
9135 0
9149 0
9150 0
9152 0
9156 0
9163 0
9169 0
9170 0
9180 0
9185 0
9186 0
9188 0
9189 0
9200 0
9202 0
9204 0
9205 0
9211 0
9212 0
9222 0
9231 0
9234 0
9235 0
9240 0
9250 0
9256 0
9257 0
9261 0
9265 0
9275 0
9276 0
9282 0
9288 0
9293 0
9294 0
9295 0
9296 0
9300 0
9308 0
9309 0
9310 0
9320 0
9321 0
9328 0
9333 0
9342 0
9343 0
9345 0
9350 0
9359 0
9360 0
9363 0
9364 0
9374 0
9380 0
9381 0
9382 0
9384 0
9396 0
9398 0
9399 0
9400 0
9405 0
9406 0
9408 0
9412 0
9416 0
9429 0
9430 0
9434 0
9435 0
9450 0
9451 0
9457 0
9460 0
9464 0
9470 0
9471 0
9483 0
9486 0
9487 0
9488 0
9491 0
9492 0
9500 0
9503 0
9504 0
9515 0
9516 0
9520 0
9523 0
9537 0
9538 0
9539 0
9540 0
9546 0
9550 0
9558 0
9559 0
9568 0
9570 0
9576 0
9577 0
9578 0
9588 0
9592 0
9593 0
9594 0
9600 0
9602 0
9603 0
9612 0
9620 0
9625 0
9626 0
9630 0
9632 0
9639 0
9646 0
9647 0
9648 0
9650 0
9657 0
9666 0
9667 0
9672 0
9680 0
9684 0
9685 0
9688 0
9689 0
9690 0
9699 6
9700 0
9701 0
9713 0
9714 0
9718 0
9720 0
9724 0
9735 0
9736 0
9737 0
9744 0
9752 0
9756 0
9757 0
9768 0
9774 0
9775 0
9776 0
9790 0
9791 0
9792 0
9800 0
9801 0
9810 0
9824 0
9825 0
9828 0
9831 0
9844 0
9845 0
9846 0
9856 0
9858 0
9861 0
9862 0
9865 0
9866 0
9879 0
9880 0
9882 0
9883 0
9888 0
9889 0
9894 0
9899 1
9900 0
9912 0
9913 0
9918 0
9919 0
9935 0
9936 0
9944 0
9955 0
9956 0
9964 0
9968 0
9974 0
9975 0
9976 0
9984 0
9990 0
9991 0
9996 0
